-120000	67200	-302000	266000     002_2_50
-40000	-38400	265000	266000     002_2_51
-38400	-36800	265000	266000     002_2_52
-36800	-35200	265000	266000     002_2_53
-35200	-33600	265000	266000     002_2_54
-44800	-43200	262000	263000     002_3_33
-44800	-43200	261000	262000     002_3_43
-44800	-43200	260000	261000     002_3_53
-43200	-41600	264000	265000     002_3_14
-43200	-41600	263000	264000     002_3_24
-43200	-41600	262000	263000     002_3_34
-41600	-40000	264000	265000     002_3_15
-40000	-38400	264000	265000     002_4_11
-38400	-36800	264000	265000     002_4_12
-36800	-35200	264000	265000     002_4_13
-35200	-33600	264000	265000     002_4_14
-52800	-51200	255000	256000     006_2_53
-51200	-49600	256000	257000     006_2_44
-51200	-49600	255000	256000     006_2_54
-49600	-48000	257000	258000     006_2_35
-49600	-48000	256000	257000     006_2_45
-49600	-48000	255000	256000     006_2_55
-56000	-54400	250000	251000     006_4_51
-54400	-52800	251000	252000     006_4_42
-54400	-52800	250000	251000     006_4_52
-52800	-51200	254000	255000     006_4_13
-52800	-51200	253000	254000     006_4_23
-52800	-51200	252000	253000     006_4_33
-52800	-51200	251000	252000     006_4_43
-52800	-51200	250000	251000     006_4_53
-51200	-49600	254000	255000     006_4_14
-51200	-49600	253000	254000     006_4_24
-51200	-49600	252000	253000     006_4_34
-48000	-46400	257000	258000     007_1_31
-48000	-46400	256000	257000     007_1_41
-46400	-44800	258000	259000     007_1_22
-46400	-44800	257000	258000     007_1_32
-44800	-43200	259000	260000     007_1_13
-44800	-43200	258000	259000     007_1_23
-62400	-60800	245000	246000     014_1_52
-60800	-59200	249000	250000     014_1_13
-60800	-59200	248000	249000     014_1_23
-60800	-59200	247000	248000     014_1_33
-60800	-59200	246000	247000     014_1_43
-60800	-59200	245000	246000     014_1_53
-59200	-57600	249000	250000     014_1_14
-59200	-57600	248000	249000     014_1_24
-59200	-57600	247000	248000     014_1_34
-59200	-57600	246000	247000     014_1_44
-59200	-57600	245000	246000     014_1_54
-57600	-56000	249000	250000     014_1_15
-57600	-56000	248000	249000     014_1_25
-57600	-56000	247000	248000     014_1_35
-57600	-56000	246000	247000     014_1_45
-57600	-56000	245000	246000     014_1_55
-56000	-54400	249000	250000     014_2_11
-56000	-54400	248000	249000     014_2_21
-54400	-52800	249000	250000     014_2_12
-62400	-60800	244000	245000     014_3_12
-62400	-60800	243000	244000     014_3_22
-62400	-60800	242000	243000     014_3_32
-62400	-60800	241000	242000     014_3_42
-62400	-60800	240000	241000     014_3_52
-60800	-59200	244000	245000     014_3_13
-60800	-59200	243000	244000     014_3_23
-60800	-59200	242000	243000     014_3_33
-60800	-59200	241000	242000     014_3_43
-59200	-57600	244000	245000     014_3_14
-57600	-56000	244000	245000     014_3_15
-62400	-60800	239000	240000     027_1_12
-62400	-60800	238000	239000     027_1_22
-62400	-60800	237000	238000     027_1_32
-62400	-60800	236000	237000     027_1_42
-62400	-60800	235000	236000     027_1_52
-60800	-59200	239000	240000     027_1_13
-60800	-59200	238000	239000     027_1_23
-60800	-59200	237000	238000     027_1_33
-64000	-62400	233000	234000     027_3_21
-64000	-62400	232000	233000     027_3_31
-64000	-62400	231000	232000     027_3_41
-64000	-62400	230000	231000     027_3_51
-62400	-60800	234000	235000     027_3_12
-62400	-60800	233000	234000     027_3_22
-62400	-60800	232000	233000     027_3_32
-62400	-60800	231000	232000     027_3_42
-62400	-60800	230000	231000     027_3_52
-62400	-60800	229000	230000     040_1_12
-62400	-60800	228000	229000     040_1_22
-62400	-60800	227000	228000     040_1_32
-62400	-60800	226000	227000     040_1_42
-62400	-60800	225000	226000     040_1_52
-60800	-59200	228000	229000     040_1_23
-60800	-59200	227000	228000     040_1_33
-60800	-59200	226000	227000     040_1_43
-60800	-59200	225000	226000     040_1_53
-59200	-57600	225000	226000     040_1_54
-60800	-59200	224000	225000     040_3_13
-60800	-59200	223000	224000     040_3_23
-60800	-59200	222000	223000     040_3_33
-59200	-57600	224000	225000     040_3_14
-59200	-57600	223000	224000     040_3_24
-59200	-57600	222000	223000     040_3_34
-59200	-57600	221000	222000     040_3_44
-59200	-57600	220000	221000     040_3_54
-57600	-56000	224000	225000     040_3_15
-57600	-56000	223000	224000     040_3_25
-57600	-56000	222000	223000     040_3_35
-57600	-56000	221000	222000     040_3_45
-57600	-56000	220000	221000     040_3_55
-59200	-57600	219000	220000     054_1_14
-59200	-57600	218000	219000     054_1_24
-59200	-57600	217000	218000     054_1_34
-57600	-56000	219000	220000     054_1_15
-57600	-56000	218000	219000     054_1_25
-57600	-56000	217000	218000     054_1_35
-57600	-56000	216000	217000     054_1_45
-57600	-56000	215000	216000     054_1_55
-56000	-54400	215000	216000     054_2_51
-56000	-54400	214000	215000     054_4_11
-56000	-54400	213000	214000     054_4_21
-56000	-54400	212000	213000     054_4_31
-56000	-54400	211000	212000     054_4_41
-56000	-54400	210000	211000     054_4_51
-56000	-54400	209000	210000     068_2_11
-56000	-54400	208000	209000     068_2_21
-56000	-54400	207000	208000     068_2_31
-56000	-54400	206000	207000     068_2_41
-56000	-54400	205000	206000     068_2_51
-54400	-52800	205000	206000     068_2_52
-56000	-54400	204000	205000     068_4_11
-56000	-54400	203000	204000     068_4_21
-56000	-54400	202000	203000     068_4_31
-56000	-54400	201000	202000     068_4_41
-54400	-52800	204000	205000     068_4_12
-54400	-52800	203000	204000     068_4_22
-54400	-52800	202000	203000     068_4_32
-54400	-52800	201000	202000     068_4_42
-54400	-52800	200000	201000     068_4_52
-56000	-54400	199000	200000     082_2_11
-56000	-54400	198000	199000     082_2_21
-56000	-54400	197000	198000     082_2_31
-56000	-54400	196000	197000     082_2_41
-56000	-54400	195000	196000     082_2_51
-54400	-52800	199000	200000     082_2_12
-54400	-52800	198000	199000     082_2_22
-54400	-52800	197000	198000     082_2_32
-54400	-52800	196000	197000     082_2_42
-54400	-52800	195000	196000     082_2_52
-56000	-54400	194000	195000     082_4_11
-56000	-54400	193000	194000     082_4_21
-56000	-54400	192000	193000     082_4_31
-56000	-54400	191000	192000     082_4_41
-54400	-52800	194000	195000     082_4_12
-54400	-52800	193000	194000     082_4_22
-54400	-52800	192000	193000     082_4_32
-54400	-52800	191000	192000     082_4_42
-54400	-52800	190000	191000     082_4_52
-52800	-51200	190000	191000     082_4_53
-54400	-52800	189000	190000     096_2_12
-54400	-52800	188000	189000     096_2_22
-54400	-52800	187000	188000     096_2_32
-52800	-51200	189000	190000     096_2_13
-52800	-51200	188000	189000     096_2_23
-52800	-51200	187000	188000     096_2_33
-52800	-51200	186000	187000     096_2_43
-52800	-51200	185000	186000     096_2_53
-51200	-49600	186000	187000     096_2_44
-51200	-49600	185000	186000     096_2_54
-52800	-51200	184000	185000     096_4_13
-52800	-51200	183000	184000     096_4_23
-52800	-51200	182000	183000     096_4_33
-52800	-51200	181000	182000     096_4_43
-52800	-51200	180000	181000     096_4_53
-51200	-49600	184000	185000     096_4_14
-51200	-49600	183000	184000     096_4_24
-51200	-49600	182000	183000     096_4_34
-51200	-49600	181000	182000     096_4_44
-51200	-49600	180000	181000     096_4_54
-51200	-49600	179000	180000     109_2_14
-51200	-49600	178000	179000     109_2_24
-51200	-49600	177000	178000     109_2_34
-51200	-49600	176000	177000     109_2_44
-51200	-49600	175000	176000     109_2_54
-49600	-48000	179000	180000     109_2_15
-49600	-48000	178000	179000     109_2_25
-49600	-48000	177000	178000     109_2_35
-49600	-48000	176000	177000     109_2_45
-49600	-48000	175000	176000     109_2_55
-51200	-49600	174000	175000     109_4_14
-51200	-49600	173000	174000     109_4_24
-51200	-49600	172000	173000     109_4_34
-49600	-48000	174000	175000     109_4_15
-49600	-48000	173000	174000     109_4_25
-49600	-48000	172000	173000     109_4_35
-49600	-48000	171000	172000     109_4_45
-49600	-48000	170000	171000     109_4_55
-49600	-48000	169000	170000     122A_2_15
-49600	-48000	168000	169000     122A_2_25
-49600	-48000	167000	168000     122A_2_35
-48000	-46400	169000	170000     122_1_11
-48000	-46400	168000	169000     122_1_21
-48000	-46400	167000	168000     122_1_31
-48000	-46400	166000	167000     122_1_41
-48000	-46400	165000	166000     122_1_51
-46400	-44800	167000	168000     122_1_32
-46400	-44800	166000	167000     122_1_42
-46400	-44800	165000	166000     122_1_52
-48000	-46400	164000	165000     122_3_11
-46400	-44800	164000	165000     122_3_12
-46400	-44800	163000	164000     122_3_22
-46400	-44800	162000	163000     122_3_32
-46400	-44800	161000	162000     122_3_42
-46400	-44800	160000	161000     122_3_52
-44800	-43200	164000	165000     122_3_13
-44800	-43200	163000	164000     122_3_23
-44800	-43200	162000	163000     122_3_33
-44800	-43200	161000	162000     122_3_43
-44800	-43200	160000	161000     122_3_53
-46400	-44800	159000	160000     133_1_12
-46400	-44800	158000	159000     133_1_22
-46400	-44800	155000	156000     133_1_52
-44800	-43200	159000	160000     133_1_13
-44800	-43200	158000	159000     133_1_23
-44800	-43200	157000	158000     133_1_33
-44800	-43200	156000	157000     133_1_43
-44800	-43200	155000	156000     133_1_53
-44800	-43200	154000	155000     133_3_13
-44800	-43200	153000	154000     133_3_23
-44800	-43200	152000	153000     133_3_33
-44800	-43200	151000	152000     133_3_43
-44800	-43200	150000	151000     133_3_53
-43200	-41600	152000	153000     133_3_34
-43200	-41600	151000	152000     133_3_44
-43200	-41600	150000	151000     133_3_54
-44800	-43200	149000	150000     143_1_13
-44800	-43200	148000	149000     143_1_23
-44800	-43200	147000	148000     143_1_33
-44800	-43200	146000	147000     143_1_43
-44800	-43200	145000	146000     143_1_53
-43200	-41600	149000	150000     143_1_14
-43200	-41600	148000	149000     143_1_24
-43200	-41600	147000	148000     143_1_34
-43200	-41600	146000	147000     143_1_44
-43200	-41600	145000	146000     143_1_54
-46400	-44800	141000	142000     143_3_42
-46400	-44800	140000	141000     143_3_52
-44800	-43200	144000	145000     143_3_13
-44800	-43200	143000	144000     143_3_23
-44800	-43200	142000	143000     143_3_33
-44800	-43200	141000	142000     143_3_43
-44800	-43200	140000	141000     143_3_53
-43200	-41600	144000	145000     143_3_14
-46400	-44800	139000	140000     153_1_12
-46400	-44800	138000	139000     153_1_22
-46400	-44800	137000	138000     153_1_32
-46400	-44800	136000	137000     153_1_42
-46400	-44800	135000	136000     153_1_52
-44800	-43200	139000	140000     153_1_13
-44800	-43200	138000	139000     153_1_23
-44800	-43200	137000	138000     153_1_33
-44800	-43200	136000	137000     153_1_43
-48000	-46400	134000	135000     153_3_11
-48000	-46400	133000	134000     153_3_21
-48000	-46400	132000	133000     153_3_31
-48000	-46400	131000	132000     153_3_41
-48000	-46400	130000	131000     153_3_51
-46400	-44800	134000	135000     153_3_12
-46400	-44800	133000	134000     153_3_22
-46400	-44800	132000	133000     153_3_32
-46400	-44800	131000	132000     153_3_42
-46400	-44800	130000	131000     153_3_52
-44800	-43200	132000	133000     153_3_33
-44800	-43200	131000	132000     153_3_43
-44800	-43200	130000	131000     153_3_53
-43200	-41600	131000	132000     153_3_44
-43200	-41600	130000	131000     153_3_54
-41600	-40000	130000	131000     153_3_55
-51200	-49600	121000	122000     162A_4_44
-51200	-49600	120000	121000     162A_4_54
-49600	-48000	124000	125000     162A_4_15
-49600	-48000	123000	124000     162A_4_25
-49600	-48000	122000	123000     162A_4_35
-49600	-48000	121000	122000     162A_4_45
-49600	-48000	120000	121000     162A_4_55
-48000	-46400	129000	130000     163_1_11
-48000	-46400	128000	129000     163_1_21
-48000	-46400	127000	128000     163_1_31
-48000	-46400	126000	127000     163_1_41
-48000	-46400	125000	126000     163_1_51
-46400	-44800	129000	130000     163_1_12
-46400	-44800	128000	129000     163_1_22
-46400	-44800	127000	128000     163_1_32
-46400	-44800	126000	127000     163_1_42
-46400	-44800	125000	126000     163_1_52
-44800	-43200	129000	130000     163_1_13
-44800	-43200	128000	129000     163_1_23
-44800	-43200	127000	128000     163_1_33
-44800	-43200	126000	127000     163_1_43
-44800	-43200	125000	126000     163_1_53
-43200	-41600	129000	130000     163_1_14
-43200	-41600	128000	129000     163_1_24
-43200	-41600	127000	128000     163_1_34
-43200	-41600	126000	127000     163_1_44
-43200	-41600	125000	126000     163_1_54
-41600	-40000	129000	130000     163_1_15
-41600	-40000	128000	129000     163_1_25
-41600	-40000	127000	128000     163_1_35
-41600	-40000	126000	127000     163_1_45
-48000	-46400	124000	125000     163_3_11
-48000	-46400	123000	124000     163_3_21
-48000	-46400	122000	123000     163_3_31
-48000	-46400	121000	122000     163_3_41
-48000	-46400	120000	121000     163_3_51
-46400	-44800	124000	125000     163_3_12
-46400	-44800	123000	124000     163_3_22
-46400	-44800	122000	123000     163_3_32
-46400	-44800	121000	122000     163_3_42
-46400	-44800	120000	121000     163_3_52
-44800	-43200	124000	125000     163_3_13
-44800	-43200	123000	124000     163_3_23
-44800	-43200	122000	123000     163_3_33
-44800	-43200	121000	122000     163_3_43
-43200	-41600	124000	125000     163_3_14
-43200	-41600	123000	124000     163_3_24
-52800	-51200	116000	117000     173_2_43
-51200	-49600	119000	120000     173_2_14
-51200	-49600	118000	119000     173_2_24
-51200	-49600	117000	118000     173_2_34
-51200	-49600	116000	117000     173_2_44
-51200	-49600	115000	116000     173_2_54
-49600	-48000	119000	120000     173_2_15
-49600	-48000	118000	119000     173_2_25
-49600	-48000	117000	118000     173_2_35
-49600	-48000	116000	117000     173_2_45
-49600	-48000	115000	116000     173_2_55
-54400	-52800	110000	111000     173_4_52
-52800	-51200	114000	115000     173_4_13
-52800	-51200	113000	114000     173_4_23
-52800	-51200	112000	113000     173_4_33
-52800	-51200	111000	112000     173_4_43
-52800	-51200	110000	111000     173_4_53
-51200	-49600	114000	115000     173_4_14
-51200	-49600	113000	114000     173_4_24
-51200	-49600	112000	113000     173_4_34
-51200	-49600	111000	112000     173_4_44
-51200	-49600	110000	111000     173_4_54
-49600	-48000	114000	115000     173_4_15
-49600	-48000	113000	114000     173_4_25
-49600	-48000	112000	113000     173_4_35
-49600	-48000	111000	112000     173_4_45
-49600	-48000	110000	111000     173_4_55
-48000	-46400	119000	120000     174_1_11
-48000	-46400	118000	119000     174_1_21
-48000	-46400	117000	118000     174_1_31
-48000	-46400	116000	117000     174_1_41
-48000	-46400	115000	116000     174_1_51
-46400	-44800	119000	120000     174_1_12
-46400	-44800	118000	119000     174_1_22
-46400	-44800	117000	118000     174_1_32
-46400	-44800	116000	117000     174_1_42
-46400	-44800	115000	116000     174_1_52
-44800	-43200	118000	119000     174_1_23
-44800	-43200	117000	118000     174_1_33
-44800	-43200	116000	117000     174_1_43
-44800	-43200	115000	116000     174_1_53
-43200	-41600	118000	119000     174_1_24
-43200	-41600	117000	118000     174_1_34
-43200	-41600	116000	117000     174_1_44
-43200	-41600	115000	116000     174_1_54
-41600	-40000	119000	120000     174_1_15
-41600	-40000	118000	119000     174_1_25
-41600	-40000	117000	118000     174_1_35
-41600	-40000	116000	117000     174_1_45
-41600	-40000	115000	116000     174_1_55
-40000	-38400	119000	120000     174_2_11
-40000	-38400	118000	119000     174_2_21
-40000	-38400	117000	118000     174_2_31
-40000	-38400	116000	117000     174_2_41
-38400	-36800	119000	120000     174_2_12
-38400	-36800	118000	119000     174_2_22
-38400	-36800	117000	118000     174_2_32
-38400	-36800	116000	117000     174_2_42
-48000	-46400	114000	115000     174_3_11
-48000	-46400	113000	114000     174_3_21
-48000	-46400	112000	113000     174_3_31
-48000	-46400	111000	112000     174_3_41
-48000	-46400	110000	111000     174_3_51
-46400	-44800	114000	115000     174_3_12
-46400	-44800	113000	114000     174_3_22
-46400	-44800	112000	113000     174_3_32
-46400	-44800	111000	112000     174_3_42
-46400	-44800	110000	111000     174_3_52
-44800	-43200	114000	115000     174_3_13
-44800	-43200	113000	114000     174_3_23
-44800	-43200	112000	113000     174_3_33
-44800	-43200	111000	112000     174_3_43
-44800	-43200	110000	111000     174_3_53
-43200	-41600	114000	115000     174_3_14
-43200	-41600	113000	114000     174_3_24
-43200	-41600	112000	113000     174_3_34
-43200	-41600	111000	112000     174_3_44
-43200	-41600	110000	111000     174_3_54
-41600	-40000	114000	115000     174_3_15
-41600	-40000	113000	114000     174_3_25
-41600	-40000	112000	113000     174_3_35
-40000	-38400	114000	115000     174_4_11
-40000	-38400	113000	114000     174_4_21
-54400	-52800	109000	110000     184_2_12
-54400	-52800	108000	109000     184_2_22
-54400	-52800	106000	107000     184_2_42
-54400	-52800	105000	106000     184_2_52
-52800	-51200	109000	110000     184_2_13
-52800	-51200	108000	109000     184_2_23
-52800	-51200	107000	108000     184_2_33
-52800	-51200	106000	107000     184_2_43
-52800	-51200	105000	106000     184_2_53
-51200	-49600	109000	110000     184_2_14
-51200	-49600	108000	109000     184_2_24
-51200	-49600	107000	108000     184_2_34
-51200	-49600	106000	107000     184_2_44
-51200	-49600	105000	106000     184_2_54
-49600	-48000	109000	110000     184_2_15
-54400	-52800	104000	105000     184_4_12
-54400	-52800	103000	104000     184_4_22
-54400	-52800	102000	103000     184_4_32
-54400	-52800	101000	102000     184_4_42
-54400	-52800	100000	101000     184_4_52
-52800	-51200	104000	105000     184_4_13
-52800	-51200	103000	104000     184_4_23
-52800	-51200	102000	103000     184_4_33
-52800	-51200	101000	102000     184_4_43
-52800	-51200	100000	101000     184_4_53
-51200	-49600	104000	105000     184_4_14
-51200	-49600	103000	104000     184_4_24
-48000	-46400	109000	110000     185_1_11
-48000	-46400	108000	109000     185_1_21
-48000	-46400	107000	108000     185_1_31
-48000	-46400	106000	107000     185_1_41
-48000	-46400	105000	106000     185_1_51
-46400	-44800	109000	110000     185_1_12
-46400	-44800	108000	109000     185_1_22
-46400	-44800	107000	108000     185_1_32
-46400	-44800	106000	107000     185_1_42
-46400	-44800	105000	106000     185_1_52
-44800	-43200	109000	110000     185_1_13
-44800	-43200	108000	109000     185_1_23
-44800	-43200	107000	108000     185_1_33
-44800	-43200	106000	107000     185_1_43
-44800	-43200	105000	106000     185_1_53
-43200	-41600	109000	110000     185_1_14
-48000	-46400	104000	105000     185_3_11
-48000	-46400	103000	104000     185_3_21
-48000	-46400	102000	103000     185_3_31
-48000	-46400	101000	102000     185_3_41
-48000	-46400	100000	101000     185_3_51
-46400	-44800	104000	105000     185_3_12
-46400	-44800	103000	104000     185_3_22
-46400	-44800	101000	102000     185_3_42
-46400	-44800	100000	101000     185_3_52
-56000	-54400	98000	99000       195_2_21
-56000	-54400	97000	98000       195_2_31
-56000	-54400	96000	97000       195_2_41
-56000	-54400	95000	96000       195_2_51
-54400	-52800	99000	100000      195_2_12
-54400	-52800	98000	99000       195_2_22
-54400	-52800	97000	98000       195_2_32
-54400	-52800	96000	97000       195_2_42
-54400	-52800	95000	96000       195_2_52
-52800	-51200	99000	100000      195_2_13
-56000	-54400	94000	95000       195_4_11
-56000	-54400	93000	94000       195_4_21
-56000	-54400	92000	93000       195_4_31
-56000	-54400	91000	92000       195_4_41
-56000	-54400	90000	91000       195_4_51
-54400	-52800	94000	95000       195_4_12
-48000	-46400	99000	100000      196_1_11
-48000	-46400	98000	99000       196_1_21
-46400	-44800	99000	100000      196_1_12
-46400	-44800	98000	99000       196_1_22
-46400	-44800	97000	98000       196_1_32
-59200	-57600	87000	88000       206_1_34
-59200	-57600	86000	87000       206_1_44
-59200	-57600	85000	86000       206_1_54
-57600	-56000	89000	90000       206_1_15
-57600	-56000	88000	89000       206_1_25
-57600	-56000	87000	88000       206_1_35
-57600	-56000	86000	87000       206_1_45
-57600	-56000	85000	86000       206_1_55
-56000	-54400	89000	90000       206_2_11
-60800	-59200	81000	82000       206_3_43
-60800	-59200	80000	81000       206_3_53
-59200	-57600	84000	85000       206_3_14
-59200	-57600	83000	84000       206_3_24
-59200	-57600	82000	83000       206_3_34
-59200	-57600	81000	82000       206_3_44
-59200	-57600	80000	81000       206_3_54
-57600	-56000	84000	85000       206_3_15
-57600	-56000	83000	84000       206_3_25
-60800	-59200	79000	80000       217_1_13
-60800	-59200	78000	79000       217_1_23
-60800	-59200	77000	78000       217_1_33
-60800	-59200	76000	77000       217_1_43
-60800	-59200	75000	76000       217_1_53
-59200	-57600	79000	80000       217_1_14
-59200	-57600	78000	79000       217_1_24
-59200	-57600	77000	78000       217_1_34
-62400	-60800	74000	75000       217_3_12
-62400	-60800	73000	74000       217_3_22
-62400	-60800	72000	73000       217_3_32
-62400	-60800	71000	72000       217_3_42
-62400	-60800	70000	71000       217_3_52
-60800	-59200	74000	75000       217_3_13
-60800	-59200	73000	74000       217_3_23
-60800	-59200	72000	73000       217_3_33
-60800	-59200	71000	72000       217_3_43
-67200	-65600	60000	61000       227B_4_54
-65600	-64000	64000	65000       227B_4_15
-65600	-64000	63000	64000       227B_4_25
-65600	-64000	62000	63000       227B_4_35
-65600	-64000	61000	62000       227B_4_45
-65600	-64000	60000	61000       227B_4_55
-64000	-62400	69000	70000       228_1_11
-64000	-62400	68000	69000       228_1_21
-64000	-62400	67000	68000       228_1_31
-64000	-62400	66000	67000       228_1_41
-64000	-62400	65000	66000       228_1_51
-62400	-60800	69000	70000       228_1_12
-62400	-60800	68000	69000       228_1_22
-62400	-60800	67000	68000       228_1_32
-62400	-60800	66000	67000       228_1_42
-64000	-62400	64000	65000       228_3_11
-64000	-62400	63000	64000       228_3_21
-64000	-62400	62000	63000       228_3_31
-67200	-65600	59000	60000       238A_2_14
-67200	-65600	58000	59000       238A_2_24
-67200	-65600	57000	58000       238A_2_34
-67200	-65600	56000	57000       238A_2_44
-65600	-64000	59000	60000       238A_2_15
-65600	-64000	58000	59000       238A_2_25
-65600	-64000	57000	58000       238A_2_35
-65600	-64000	56000	57000       238A_2_45
-65600	-64000	55000	56000       238A_2_55
-64000	-62400	56000	57000       239_1_41
-64000	-62400	55000	56000       239_1_51
-64000	-62400	54000	55000       239_3_11
-64000	-62400	53000	54000       239_3_21
-64000	-62400	52000	53000       239_3_31
-64000	-62400	51000	52000       239_3_41
-64000	-62400	50000	51000       239_3_51
-62400	-60800	53000	54000       239_3_22
-62400	-60800	52000	53000       239_3_32
-62400	-60800	51000	52000       239_3_42
-62400	-60800	50000	51000       239_3_52
-67200	-65600	42000	43000       248B_4_34
-67200	-65600	41000	42000       248B_4_44
-67200	-65600	40000	41000       248B_4_54
-65600	-64000	44000	45000       248B_4_15
-65600	-64000	43000	44000       248B_4_25
-65600	-64000	42000	43000       248B_4_35
-65600	-64000	41000	42000       248B_4_45
-65600	-64000	40000	41000       248B_4_55
-64000	-62400	49000	50000       249_1_11
-64000	-62400	48000	49000       249_1_21
-64000	-62400	47000	48000       249_1_31
-64000	-62400	46000	47000       249_1_41
-64000	-62400	45000	46000       249_1_51
-62400	-60800	49000	50000       249_1_12
-62400	-60800	48000	49000       249_1_22
-64000	-62400	44000	45000       249_3_11
-68800	-67200	37000	38000       260_2_33
-68800	-67200	36000	37000       260_2_43
-68800	-67200	35000	36000       260_2_53
-67200	-65600	39000	40000       260_2_14
-67200	-65600	38000	39000       260_2_24
-67200	-65600	37000	38000       260_2_34
-67200	-65600	36000	37000       260_2_44
-67200	-65600	35000	36000       260_2_54
-65600	-64000	39000	40000       260_2_15
-70400	-68800	33000	34000       260_4_22
-70400	-68800	32000	33000       260_4_32
-70400	-68800	31000	32000       260_4_42
-70400	-68800	30000	31000       260_4_52
-68800	-67200	34000	35000       260_4_13
-68800	-67200	33000	34000       260_4_23
-68800	-67200	32000	33000       260_4_33
-68800	-67200	31000	32000       260_4_43
-68800	-67200	30000	31000       260_4_53
-67200	-65600	34000	35000       260_4_14
-72000	-70400	29000	30000       272_2_11
-72000	-70400	28000	29000       272_2_21
-72000	-70400	27000	28000       272_2_31
-72000	-70400	26000	27000       272_2_41
-72000	-70400	25000	26000       272_2_51
-70400	-68800	29000	30000       272_2_12
-70400	-68800	28000	29000       272_2_22
-70400	-68800	27000	28000       272_2_32
-70400	-68800	26000	27000       272_2_42
-75200	-73600	20000	21000       272_3_54
-73600	-72000	24000	25000       272_3_15
-73600	-72000	23000	24000       272_3_25
-73600	-72000	22000	23000       272_3_35
-73600	-72000	21000	22000       272_3_45
-73600	-72000	20000	21000       272_3_55
-72000	-70400	24000	25000       272_4_11
-72000	-70400	23000	24000       272_4_21
-72000	-70400	22000	23000       272_4_31
-76800	-75200	16000	17000       284_1_43
-76800	-75200	15000	16000       284_1_53
-75200	-73600	19000	20000       284_1_14
-75200	-73600	18000	19000       284_1_24
-75200	-73600	17000	18000       284_1_34
-75200	-73600	16000	17000       284_1_44
-75200	-73600	15000	16000       284_1_54
-73600	-72000	19000	20000       284_1_15
-73600	-72000	18000	19000       284_1_25
-73600	-72000	17000	18000       284_1_35
-78400	-76800	12000	13000       284_3_32
-78400	-76800	11000	12000       284_3_42
-78400	-76800	10000	11000       284_3_52
-76800	-75200	14000	15000       284_3_13
-76800	-75200	13000	14000       284_3_23
-76800	-75200	12000	13000       284_3_33
-76800	-75200	11000	12000       284_3_43
-76800	-75200	10000	11000       284_3_53
-75200	-73600	14000	15000       284_3_14
-80000	-78400	8000	9000         296_1_21
-80000	-78400	7000	8000         296_1_31
-80000	-78400	6000	7000         296_1_41
-80000	-78400	5000	6000         296_1_51
-78400	-76800	9000	10000        296_1_12
-78400	-76800	8000	9000         296_1_22
-78400	-76800	7000	8000         296_1_32
-78400	-76800	6000	7000         296_1_42
-78400	-76800	5000	6000         296_1_52
-76800	-75200	9000	10000        296_1_13
-80000	-78400	4000	5000         296_3_11
-80000	-78400	3000	4000         296_3_21
-80000	-78400	2000	3000         296_3_31
-80000	-78400	1000	2000         296_3_41
-80000	-78400	0	1000            296_3_51
-78400	-76800	4000	5000         296_3_12
-78400	-76800	3000	4000         296_3_22
-83200	-81600	-3000	-2000       306B_2_34
-83200	-81600	-4000	-3000       306B_2_44
-83200	-81600	-5000	-4000       306B_2_54
-81600	-80000	-1000	0           306B_2_15
-81600	-80000	-2000	-1000       306B_2_25
-81600	-80000	-3000	-2000       306B_2_35
-81600	-80000	-4000	-3000       306B_2_45
-81600	-80000	-5000	-4000       306B_2_55
-83200	-81600	-6000	-5000       306B_4_14
-83200	-81600	-7000	-6000       306B_4_24
-83200	-81600	-9000	-8000       306B_4_44
-83200	-81600	-10000	-9000      306B_4_54
-81600	-80000	-6000	-5000       306B_4_15
-81600	-80000	-7000	-6000       306B_4_25
-81600	-80000	-8000	-7000       306B_4_35
-81600	-80000	-9000	-8000       306B_4_45
-81600	-80000	-10000	-9000      306B_4_55
-80000	-78400	-1000	0           307_1_11
-80000	-78400	-2000	-1000       307_1_21
-86400	-84800	-13000	-12000     316_2_32
-86400	-84800	-14000	-13000     316_2_42
-86400	-84800	-15000	-14000     316_2_52
-84800	-83200	-11000	-10000     316_2_13
-84800	-83200	-12000	-11000     316_2_23
-84800	-83200	-13000	-12000     316_2_33
-84800	-83200	-14000	-13000     316_2_43
-84800	-83200	-15000	-14000     316_2_53
-83200	-81600	-11000	-10000     316_2_14
-83200	-81600	-12000	-11000     316_2_24
-83200	-81600	-13000	-12000     316_2_34
-92800	-91200	-20000	-19000     316_3_53
-91200	-89600	-18000	-17000     316_3_34
-91200	-89600	-19000	-18000     316_3_44
-91200	-89600	-20000	-19000     316_3_54
-89600	-88000	-17000	-16000     316_3_25
-89600	-88000	-18000	-17000     316_3_35
-89600	-88000	-19000	-18000     316_3_45
-89600	-88000	-20000	-19000     316_3_55
-88000	-86400	-16000	-15000     316_4_11
-88000	-86400	-17000	-16000     316_4_21
-88000	-86400	-18000	-17000     316_4_31
-88000	-86400	-19000	-18000     316_4_41
-86400	-84800	-16000	-15000     316_4_12
-86400	-84800	-17000	-16000     316_4_22
-86400	-84800	-18000	-17000     316_4_32
-86400	-84800	-19000	-18000     316_4_42
-100800	-99200	-29000	-28000    325B_4_43
-100800	-99200	-30000	-29000    325B_4_53
-99200	-97600	-28000	-27000     325B_4_34
-99200	-97600	-29000	-28000     325B_4_44
-99200	-97600	-30000	-29000     325B_4_54
-97600	-96000	-27000	-26000     325B_4_25
-97600	-96000	-28000	-27000     325B_4_35
-97600	-96000	-29000	-28000     325B_4_45
-96000	-94400	-25000	-24000     326_1_51
-94400	-92800	-22000	-21000     326_1_22
-94400	-92800	-23000	-22000     326_1_32
-94400	-92800	-24000	-23000     326_1_42
-94400	-92800	-25000	-24000     326_1_52
-92800	-91200	-21000	-20000     326_1_13
-92800	-91200	-22000	-21000     326_1_23
-92800	-91200	-23000	-22000     326_1_33
-92800	-91200	-24000	-23000     326_1_43
-91200	-89600	-21000	-20000     326_1_14
-91200	-89600	-22000	-21000     326_1_24
-96000	-94400	-26000	-25000     326_3_11
-96000	-94400	-27000	-26000     326_3_21
-96000	-94400	-28000	-27000     326_3_31
-94400	-92800	-26000	-25000     326_3_12
-112000	-110400	-34000	-33000   337_1_41
-110400	-108800	-32000	-31000   337_1_22
-110400	-108800	-33000	-32000   337_1_32
-110400	-108800	-34000	-33000   337_1_42
-110400	-108800	-35000	-34000   337_1_52
-108800	-107200	-32000	-31000   337_1_23
-108800	-107200	-33000	-32000   337_1_33
-108800	-107200	-34000	-33000   337_1_43
-108800	-107200	-35000	-34000   337_1_53
-107200	-105600	-32000	-31000   337_1_24
-107200	-105600	-33000	-32000   337_1_34
-107200	-105600	-34000	-33000   337_1_44
-107200	-105600	-35000	-34000   337_1_54
-105600	-104000	-31000	-30000   337_1_15
-105600	-104000	-32000	-31000   337_1_25
-105600	-104000	-33000	-32000   337_1_35
-105600	-104000	-34000	-33000   337_1_45
-104000	-102400	-31000	-30000   337_2_11
-104000	-102400	-32000	-31000   337_2_21
-104000	-102400	-33000	-32000   337_2_31
-104000	-102400	-34000	-33000   337_2_41
-102400	-100800	-31000	-30000   337_2_12
-102400	-100800	-32000	-31000   337_2_22
-102400	-100800	-33000	-32000   337_2_32
-100800	-99200	-31000	-30000    337_2_13
-100800	-99200	-32000	-31000    337_2_23
-99200	-97600	-31000	-30000     337_2_14
-108800	-107200	-36000	-35000   337_3_13
-107200	-105600	-36000	-35000   337_3_14
-107200	-105600	-37000	-36000   337_3_24
-107200	-105600	-38000	-37000   337_3_34
-107200	-105600	-39000	-38000   337_3_44
-105600	-104000	-36000	-35000   337_3_15
-105600	-104000	-37000	-36000   337_3_25
-105600	-104000	-38000	-37000   337_3_35
-105600	-104000	-39000	-38000   337_3_45
-105600	-104000	-40000	-39000   337_3_55
-105600	-104000	-41000	-40000   349_1_15
-105600	-104000	-42000	-41000   349_1_25
-105600	-104000	-43000	-42000   349_1_35
-105600	-104000	-44000	-43000   349_1_45
-105600	-104000	-45000	-44000   349_1_55
-104000	-102400	-41000	-40000   349_2_11
-104000	-102400	-42000	-41000   349_2_21
-104000	-102400	-43000	-42000   349_2_31
-104000	-102400	-44000	-43000   349_2_41
-104000	-102400	-45000	-44000   349_2_51
-105600	-104000	-46000	-45000   349_3_15
-105600	-104000	-47000	-46000   349_3_25
-105600	-104000	-48000	-47000   349_3_35
-105600	-104000	-49000	-48000   349_3_45
-105600	-104000	-50000	-49000   349_3_55
-104000	-102400	-46000	-45000   349_4_11
-104000	-102400	-47000	-46000   349_4_21
-104000	-102400	-48000	-47000   349_4_31
-104000	-102400	-49000	-48000   349_4_41
-104000	-102400	-50000	-49000   349_4_51
-107200	-105600	-52000	-51000   361_1_24
-107200	-105600	-53000	-52000   361_1_34
-107200	-105600	-54000	-53000   361_1_44
-107200	-105600	-55000	-54000   361_1_54
-105600	-104000	-51000	-50000   361_1_15
-105600	-104000	-52000	-51000   361_1_25
-105600	-104000	-53000	-52000   361_1_35
-105600	-104000	-54000	-53000   361_1_45
-105600	-104000	-55000	-54000   361_1_55
-110400	-108800	-59000	-58000   361_3_42
-110400	-108800	-60000	-59000   361_3_52
-108800	-107200	-56000	-55000   361_3_13
-108800	-107200	-57000	-56000   361_3_23
-108800	-107200	-58000	-57000   361_3_33
-108800	-107200	-59000	-58000   361_3_43
-108800	-107200	-60000	-59000   361_3_53
-107200	-105600	-56000	-55000   361_3_14
-107200	-105600	-57000	-56000   361_3_24
-107200	-105600	-58000	-57000   361_3_34
-112000	-110400	-62000	-61000   374_1_21
-112000	-110400	-63000	-62000   374_1_31
-112000	-110400	-64000	-63000   374_1_41
-112000	-110400	-65000	-64000   374_1_51
-110400	-108800	-61000	-60000   374_1_12
-110400	-108800	-62000	-61000   374_1_22
-110400	-108800	-63000	-62000   374_1_32
-110400	-108800	-64000	-63000   374_1_42
-108800	-107200	-61000	-60000   374_1_13
-108800	-107200	-62000	-61000   374_1_23
-112000	-110400	-66000	-65000   374_3_11
-112000	-110400	-67000	-66000   374_3_21
-112000	-110400	-68000	-67000   374_3_31
-112000	-110400	-69000	-68000   374_3_41
-112000	-110400	-70000	-69000   374_3_51
-112000	-110400	-71000	-70000   388_1_11
-112000	-110400	-72000	-71000   388_1_21
-112000	-110400	-73000	-72000   388_1_31
-112000	-110400	-74000	-73000   388_1_41
-112000	-110400	-75000	-74000   388_1_51
-112000	-110400	-76000	-75000   388_3_11
-112000	-110400	-77000	-76000   388_3_21
-112000	-110400	-78000	-77000   388_3_31
-112000	-110400	-79000	-78000   388_3_41
-112000	-110400	-80000	-79000   388_3_51
-113600	-112000	-81000	-80000   401A_2_15
-113600	-112000	-82000	-81000   401A_2_25
-113600	-112000	-83000	-82000   401A_2_35
-113600	-112000	-84000	-83000   401A_2_45
-113600	-112000	-85000	-84000   401A_2_55
-116800	-115200	-90000	-89000   401A_4_53
-115200	-113600	-86000	-85000   401A_4_14
-115200	-113600	-87000	-86000   401A_4_24
-115200	-113600	-88000	-87000   401A_4_34
-115200	-113600	-89000	-88000   401A_4_44
-115200	-113600	-90000	-89000   401A_4_54
-113600	-112000	-86000	-85000   401A_4_15
-113600	-112000	-87000	-86000   401A_4_25
-113600	-112000	-88000	-87000   401A_4_35
-112000	-110400	-81000	-80000   402_1_11
-112000	-110400	-82000	-81000   402_1_21
-112000	-110400	-83000	-82000   402_1_31
-118400	-116800	-93000	-92000   415_2_32
-118400	-116800	-94000	-93000   415_2_42
-118400	-116800	-95000	-94000   415_2_52
-116800	-115200	-91000	-90000   415_2_13
-116800	-115200	-92000	-91000   415_2_23
-116800	-115200	-93000	-92000   415_2_33
-116800	-115200	-94000	-93000   415_2_43
-116800	-115200	-95000	-94000   415_2_53
-115200	-113600	-91000	-90000   415_2_14
-115200	-113600	-92000	-91000   415_2_24
-120000	-118400	-96000	-95000   415_4_11
-120000	-118400	-97000	-96000   415_4_21
-120000	-118400	-98000	-97000   415_4_31
-120000	-118400	-99000	-98000   415_4_41
-120000	-118400	-100000	-99000  415_4_51
-118400	-116800	-96000	-95000   415_4_12
-118400	-116800	-97000	-96000   415_4_22
-118400	-116800	-98000	-97000   415_4_32
-118400	-116800	-99000	-98000   415_4_42
-118400	-116800	-100000	-99000  415_4_52
-116800	-115200	-100000	-99000  415_4_53
-118400	-116800	-101000	-100000 429_2_12
-118400	-116800	-102000	-101000 429_2_22
-118400	-116800	-103000	-102000 429_2_32
-118400	-116800	-104000	-103000 429_2_42
-118400	-116800	-105000	-104000 429_2_52
-116800	-115200	-101000	-100000 429_2_13
-116800	-115200	-102000	-101000 429_2_23
-116800	-115200	-103000	-102000 429_2_33
-116800	-115200	-104000	-103000 429_2_43
-116800	-115200	-105000	-104000 429_2_53
-118400	-116800	-106000	-105000 429_4_12
-118400	-116800	-107000	-106000 429_4_22
-118400	-116800	-108000	-107000 429_4_32
-116800	-115200	-106000	-105000 429_4_13
-116800	-115200	-107000	-106000 429_4_23
-116800	-115200	-108000	-107000 429_4_33
-115200	-113600	-107000	-106000 429_4_24
-115200	-113600	-108000	-107000 429_4_34
-113600	-112000	-107000	-106000 429_4_25
-113600	-112000	-108000	-107000 429_4_35
-113600	-112000	-109000	-108000 429_4_45
-112000	-110400	-106000	-105000 430_3_11
-112000	-110400	-107000	-106000 430_3_21
-112000	-110400	-108000	-107000 430_3_31
-112000	-110400	-109000	-108000 430_3_41
-110400	-108800	-106000	-105000 430_3_12
-110400	-108800	-107000	-106000 430_3_22
-110400	-108800	-108000	-107000 430_3_32
-108800	-107200	-107000	-106000 430_3_23
-108800	-107200	-108000	-107000 430_3_33
-108800	-107200	-109000	-108000 430_3_43
-107200	-105600	-108000	-107000 430_3_34
-107200	-105600	-109000	-108000 430_3_44
-107200	-105600	-110000	-109000 430_3_54
-105600	-104000	-109000	-108000 430_3_45
-105600	-104000	-110000	-109000 430_3_55
-104000	-102400	-109000	-108000 430_4_41
-104000	-102400	-110000	-109000 430_4_51
-102400	-100800	-108000	-107000 430_4_32
-102400	-100800	-109000	-108000 430_4_42
-100800	-99200	-107000	-106000  430_4_23
-100800	-99200	-108000	-107000  430_4_33
-99200	-97600	-107000	-106000   430_4_24
-99200	-97600	-108000	-107000   430_4_34
-97600	-96000	-107000	-106000   430_4_25
-97600	-96000	-108000	-107000   430_4_35
-96000	-94400	-107000	-106000   431_3_21
-96000	-94400	-108000	-107000   431_3_31
-104000	-102400	-111000	-110000 441B_2_11
-99200	-97600	-111000	-110000   441B_2_14
-99200	-97600	-112000	-111000   441B_2_24
-99200	-97600	-113000	-112000   441B_2_34
-97600	-96000	-111000	-110000   441B_2_15
-97600	-96000	-112000	-111000   441B_2_25
-97600	-96000	-113000	-112000   441B_2_35
-97600	-96000	-114000	-113000   441B_2_45
-97600	-96000	-115000	-114000   441B_2_55
-96000	-94400	-114000	-113000   442_1_41
-96000	-94400	-115000	-114000   442_1_51
-96000	-94400	-116000	-115000   442_3_11
-96000	-94400	-117000	-116000   442_3_21
-96000	-94400	-118000	-117000   442_3_31
-96000	-94400	-119000	-118000   442_3_41
-94400	-92800	-116000	-115000   442_3_12
-94400	-92800	-117000	-116000   442_3_22
-94400	-92800	-118000	-117000   442_3_32
-94400	-92800	-119000	-118000   442_3_42
-94400	-92800	-120000	-119000   442_3_52
-92800	-91200	-120000	-119000   442_3_53
-94400	-92800	-121000	-120000   453_1_12
-94400	-92800	-122000	-121000   453_1_22
-94400	-92800	-123000	-122000   453_1_32
-92800	-91200	-121000	-120000   453_1_13
-92800	-91200	-122000	-121000   453_1_23
-92800	-91200	-123000	-122000   453_1_33
-92800	-91200	-124000	-123000   453_1_43
-92800	-91200	-125000	-124000   453_1_53
-92800	-91200	-126000	-125000   453_3_13
-92800	-91200	-127000	-126000   453_3_23
-92800	-91200	-128000	-127000   453_3_33
-92800	-91200	-129000	-128000   453_3_43
-92800	-91200	-130000	-129000   453_3_53
-91200	-89600	-126000	-125000   453_3_14
-91200	-89600	-127000	-126000   453_3_24
-91200	-89600	-128000	-127000   453_3_34
-91200	-89600	-129000	-128000   453_3_44
-70400	-68800	-128000	-127000   454_4_32
-70400	-68800	-129000	-128000   454_4_42
-70400	-68800	-130000	-129000   454_4_52
-68800	-67200	-128000	-127000   454_4_33
-68800	-67200	-129000	-128000   454_4_43
-68800	-67200	-130000	-129000   454_4_53
-67200	-65600	-130000	-129000   454_4_54
-94400	-92800	-133000	-132000   464_1_32
-94400	-92800	-134000	-133000   464_1_42
-94400	-92800	-135000	-134000   464_1_52
-92800	-91200	-131000	-130000   464_1_13
-92800	-91200	-132000	-131000   464_1_23
-92800	-91200	-133000	-132000   464_1_33
-92800	-91200	-134000	-133000   464_1_43
-92800	-91200	-135000	-134000   464_1_53
-96000	-94400	-136000	-135000   464_3_11
-96000	-94400	-137000	-136000   464_3_21
-96000	-94400	-138000	-137000   464_3_31
-96000	-94400	-139000	-138000   464_3_41
-96000	-94400	-140000	-139000   464_3_51
-94400	-92800	-136000	-135000   464_3_12
-94400	-92800	-137000	-136000   464_3_22
-94400	-92800	-138000	-137000   464_3_32
-94400	-92800	-139000	-138000   464_3_42
-94400	-92800	-140000	-139000   464_3_52
-92800	-91200	-138000	-137000   464_3_33
-92800	-91200	-139000	-138000   464_3_43
-92800	-91200	-140000	-139000   464_3_53
-91200	-89600	-137000	-136000   464_3_24
-91200	-89600	-138000	-137000   464_3_34
-91200	-89600	-139000	-138000   464_3_44
-89600	-88000	-137000	-136000   464_3_25
-89600	-88000	-138000	-137000   464_3_35
-88000	-86400	-137000	-136000   464_4_21
-88000	-86400	-138000	-137000   464_4_31
-86400	-84800	-136000	-135000   464_4_12
-86400	-84800	-137000	-136000   464_4_22
-86400	-84800	-138000	-137000   464_4_32
-84800	-83200	-136000	-135000   464_4_13
-84800	-83200	-137000	-136000   464_4_23
-83200	-81600	-136000	-135000   464_4_14
-83200	-81600	-137000	-136000   464_4_24
-81600	-80000	-136000	-135000   464_4_15
-81600	-80000	-137000	-136000   464_4_25
-80000	-78400	-135000	-134000   465_1_51
-78400	-76800	-134000	-133000   465_1_42
-78400	-76800	-135000	-134000   465_1_52
-76800	-75200	-134000	-133000   465_1_43
-76800	-75200	-135000	-134000   465_1_53
-75200	-73600	-132000	-131000   465_1_24
-75200	-73600	-133000	-132000   465_1_34
-75200	-73600	-134000	-133000   465_1_44
-75200	-73600	-135000	-134000   465_1_54
-73600	-72000	-131000	-130000   465_1_15
-73600	-72000	-132000	-131000   465_1_25
-73600	-72000	-133000	-132000   465_1_35
-72000	-70400	-131000	-130000   465_2_11
-72000	-70400	-132000	-131000   465_2_21
-70400	-68800	-131000	-130000   465_2_12
-70400	-68800	-132000	-131000   465_2_22
-68800	-67200	-131000	-130000   465_2_13
-68800	-67200	-132000	-131000   465_2_23
-68800	-67200	-133000	-132000   465_2_33
-67200	-65600	-131000	-130000   465_2_14
-67200	-65600	-132000	-131000   465_2_24
-67200	-65600	-133000	-132000   465_2_34
-67200	-65600	-134000	-133000   465_2_44
-67200	-65600	-135000	-134000   465_2_54
-65600	-64000	-131000	-130000   465_2_15
-65600	-64000	-132000	-131000   465_2_25
-65600	-64000	-133000	-132000   465_2_35
-65600	-64000	-134000	-133000   465_2_45
-65600	-64000	-135000	-134000   465_2_55
-80000	-78400	-136000	-135000   465_3_11
-80000	-78400	-137000	-136000   465_3_21
-78400	-76800	-136000	-135000   465_3_12
-64000	-62400	-133000	-132000   466_1_31
-64000	-62400	-134000	-133000   466_1_41
-64000	-62400	-135000	-134000   466_1_51
-62400	-60800	-134000	-133000   466_1_42
-62400	-60800	-135000	-134000   466_1_52
-60800	-59200	-135000	-134000   466_1_53
-64000	-62400	-136000	-135000   466_3_11
-64000	-62400	-137000	-136000   466_3_21
-62400	-60800	-136000	-135000   466_3_12
-62400	-60800	-137000	-136000   466_3_22
-62400	-60800	-138000	-137000   466_3_32
-62400	-60800	-139000	-138000   466_3_42
-62400	-60800	-140000	-139000   466_3_52
-60800	-59200	-136000	-135000   466_3_13
-60800	-59200	-137000	-136000   466_3_23
-60800	-59200	-138000	-137000   466_3_33
-60800	-59200	-139000	-138000   466_3_43
-60800	-59200	-140000	-139000   466_3_53
-59200	-57600	-139000	-138000   466_3_44
-59200	-57600	-140000	-139000   466_3_54
-60800	-59200	-141000	-140000   475_1_13
-60800	-59200	-142000	-141000   475_1_23
-60800	-59200	-143000	-142000   475_1_33
-59200	-57600	-141000	-140000   475_1_14
-59200	-57600	-142000	-141000   475_1_24
-59200	-57600	-143000	-142000   475_1_34
-59200	-57600	-144000	-143000   475_1_44
-59200	-57600	-145000	-144000   475_1_54
-57600	-56000	-145000	-144000   475_1_55
-59200	-57600	-146000	-145000   475_3_14
-59200	-57600	-147000	-146000   475_3_24
-59200	-57600	-148000	-147000   475_3_34
-59200	-57600	-149000	-148000   475_3_44
-57600	-56000	-146000	-145000   475_3_15
-57600	-56000	-147000	-146000   475_3_25
-57600	-56000	-148000	-147000   475_3_35
-57600	-56000	-149000	-148000   475_3_45
-57600	-56000	-150000	-149000   475_3_55
-57600	-56000	-151000	-150000   484_1_15
-57600	-56000	-152000	-151000   484_1_25
-57600	-56000	-153000	-152000   484_1_35
-57600	-56000	-154000	-153000   484_1_45
-57600	-56000	-155000	-154000   484_1_55
-56000	-54400	-155000	-154000   484_2_51
-57600	-56000	-156000	-155000   484_3_15
-57600	-56000	-157000	-156000   484_3_25
-57600	-56000	-158000	-157000   484_3_35
-57600	-56000	-159000	-158000   484_3_45
-57600	-56000	-160000	-159000   484_3_55
-56000	-54400	-156000	-155000   484_4_11
-56000	-54400	-157000	-156000   484_4_21
-56000	-54400	-158000	-157000   484_4_31
-56000	-54400	-159000	-158000   484_4_41
-56000	-54400	-160000	-159000   484_4_51
-57600	-56000	-161000	-160000   494_1_15
-57600	-56000	-162000	-161000   494_1_25
-57600	-56000	-163000	-162000   494_1_35
-57600	-56000	-164000	-163000   494_1_45
-57600	-56000	-165000	-164000   494_1_55
-56000	-54400	-161000	-160000   494_2_11
-56000	-54400	-162000	-161000   494_2_21
-56000	-54400	-163000	-162000   494_2_31
-59200	-57600	-167000	-166000   494_3_24
-59200	-57600	-168000	-167000   494_3_34
-59200	-57600	-169000	-168000   494_3_44
-59200	-57600	-170000	-169000   494_3_54
-57600	-56000	-166000	-165000   494_3_15
-57600	-56000	-167000	-166000   494_3_25
-57600	-56000	-168000	-167000   494_3_35
-57600	-56000	-169000	-168000   494_3_45
-57600	-56000	-170000	-169000   494_3_55
-60800	-59200	-173000	-172000   505_1_33
-60800	-59200	-174000	-173000   505_1_43
-60800	-59200	-175000	-174000   505_1_53
-59200	-57600	-171000	-170000   505_1_14
-59200	-57600	-172000	-171000   505_1_24
-59200	-57600	-173000	-172000   505_1_34
-59200	-57600	-174000	-173000   505_1_44
-59200	-57600	-175000	-174000   505_1_54
-57600	-56000	-171000	-170000   505_1_15
-62400	-60800	-178000	-177000   505_3_32
-62400	-60800	-179000	-178000   505_3_42
-62400	-60800	-180000	-179000   505_3_52
-60800	-59200	-176000	-175000   505_3_13
-60800	-59200	-177000	-176000   505_3_23
-60800	-59200	-178000	-177000   505_3_33
-60800	-59200	-179000	-178000   505_3_43
-60800	-59200	-180000	-179000   505_3_53
-59200	-57600	-176000	-175000   505_3_14
-59200	-57600	-177000	-176000   505_3_24
-67200	-65600	-188000	-187000   515A_4_34
-67200	-65600	-189000	-188000   515A_4_44
-67200	-65600	-190000	-189000   515A_4_54
-65600	-64000	-186000	-185000   515A_4_15
-65600	-64000	-187000	-186000   515A_4_25
-65600	-64000	-188000	-187000   515A_4_35
-65600	-64000	-189000	-188000   515A_4_45
-65600	-64000	-190000	-189000   515A_4_55
-64000	-62400	-182000	-181000   516_1_21
-64000	-62400	-183000	-182000   516_1_31
-64000	-62400	-184000	-183000   516_1_41
-64000	-62400	-185000	-184000   516_1_51
-62400	-60800	-181000	-180000   516_1_12
-62400	-60800	-182000	-181000   516_1_22
-62400	-60800	-183000	-182000   516_1_32
-62400	-60800	-184000	-183000   516_1_42
-62400	-60800	-185000	-184000   516_1_52
-60800	-59200	-181000	-180000   516_1_13
-64000	-62400	-186000	-185000   516_3_11
-64000	-62400	-187000	-186000   516_3_21
-64000	-62400	-188000	-187000   516_3_31
-64000	-62400	-190000	-189000   516_3_51
-64000	-62400	-191000	-190000   526_1_11
-64000	-62400	-192000	-191000   526_1_21
-64000	-62400	-193000	-192000   526_1_31
-62400	-60800	-192000	-191000   526_1_22
-62400	-60800	-193000	-192000   526_1_32
-60800	-59200	-192000	-191000   526_1_23
-60800	-59200	-193000	-192000   526_1_33
-60800	-59200	-194000	-193000   526_1_43
-60800	-59200	-195000	-194000   526_1_53
-59200	-57600	-193000	-192000   526_1_34
-59200	-57600	-194000	-193000   526_1_44
-59200	-57600	-195000	-194000   526_1_54
-65600	-64000	-191000	-190000   525B_2_15
-65600	-64000	-192000	-191000   525B_2_25
-65600	-64000	-193000	-192000   525B_2_35
-60800	-59200	-196000	-195000   526_3_13
-59200	-57600	-196000	-195000   526_3_14
-59200	-57600	-197000	-196000   526_3_24
-59200	-57600	-198000	-197000   526_3_34
-59200	-57600	-199000	-198000   526_3_44
-59200	-57600	-200000	-199000   526_3_54
-60800	-59200	-204000	-203000   535_1_43
-59200	-57600	-201000	-200000   535_1_14
-59200	-57600	-202000	-201000   535_1_24
-59200	-57600	-203000	-202000   535_1_34
-59200	-57600	-204000	-203000   535_1_44
-59200	-57600	-205000	-204000   535_1_54
-57600	-56000	-203000	-202000   535_1_35
-57600	-56000	-204000	-203000   535_1_45
-60800	-59200	-207000	-206000   535_3_23
-60800	-59200	-208000	-207000   535_3_33
-60800	-59200	-209000	-208000   535_3_43
-60800	-59200	-210000	-209000   535_3_53
-59200	-57600	-206000	-205000   535_3_14
-59200	-57600	-207000	-206000   535_3_24
-59200	-57600	-208000	-207000   535_3_34
-59200	-57600	-209000	-208000   535_3_44
-59200	-57600	-210000	-209000   535_3_54
-60800	-59200	-211000	-210000   544_1_13
-60800	-59200	-212000	-211000   544_1_23
-60800	-59200	-213000	-212000   544_1_33
-60800	-59200	-214000	-213000   544_1_43
-60800	-59200	-215000	-214000   544_1_53
-59200	-57600	-211000	-210000   544_1_14
-59200	-57600	-212000	-211000   544_1_24
-59200	-57600	-213000	-212000   544_1_34
-59200	-57600	-214000	-213000   544_1_44
-59200	-57600	-215000	-214000   544_1_54
-59200	-57600	-216000	-215000   544_3_14
-59200	-57600	-217000	-216000   544_3_24
-59200	-57600	-218000	-217000   544_3_34
-59200	-57600	-219000	-218000   544_3_44
-59200	-57600	-220000	-219000   544_3_54
-57600	-56000	-216000	-215000   544_3_15
-57600	-56000	-217000	-216000   544_3_25
-57600	-56000	-218000	-217000   544_3_35
-60800	-59200	-222000	-221000   552_1_23
-60800	-59200	-223000	-222000   552_1_33
-60800	-59200	-224000	-223000   552_1_43
-60800	-59200	-225000	-224000   552_1_53
-59200	-57600	-221000	-220000   552_1_14
-59200	-57600	-222000	-221000   552_1_24
-59200	-57600	-223000	-222000   552_1_34
-59200	-57600	-224000	-223000   552_1_44
-59200	-57600	-225000	-224000   552_1_54
-62400	-60800	-229000	-228000   552_3_42
-62400	-60800	-230000	-229000   552_3_52
-60800	-59200	-226000	-225000   552_3_13
-60800	-59200	-227000	-226000   552_3_23
-60800	-59200	-228000	-227000   552_3_33
-60800	-59200	-229000	-228000   552_3_43
-60800	-59200	-230000	-229000   552_3_53
-59200	-57600	-226000	-225000   552_3_14
-62400	-60800	-231000	-230000   560_1_12
-60800	-59200	-231000	-230000   560_1_13
-60800	-59200	-232000	-231000   560_1_23
-60800	-59200	-233000	-232000   560_1_33
-60800	-59200	-234000	-233000   560_1_43
-59200	-57600	-232000	-231000   560_1_24
-59200	-57600	-233000	-232000   560_1_34
-59200	-57600	-234000	-233000   560_1_44
-59200	-57600	-235000	-234000   560_1_54
-59200	-57600	-236000	-235000   560_3_14
-59200	-57600	-237000	-236000   560_3_24
-59200	-57600	-238000	-237000   560_3_34
-59200	-57600	-239000	-238000   560_3_44
-59200	-57600	-240000	-239000   560_3_54
-57600	-56000	-236000	-235000   560_3_15
-57600	-56000	-237000	-236000   560_3_25
-57600	-56000	-238000	-237000   560_3_35
-57600	-56000	-239000	-238000   560_3_45
46400	48000	-232000	-231000     566_2_25
48000	49600	-232000	-231000     567_1_21
48000	49600	-233000	-232000     567_1_31
48000	49600	-234000	-233000     567_1_41
48000	49600	-235000	-234000     567_1_51
49600	51200	-235000	-234000     567_1_52
51200	52800	-235000	-234000     567_1_53
52800	54400	-234000	-233000     567_1_44
52800	54400	-235000	-234000     567_1_54
49600	51200	-236000	-235000     567_3_12
51200	52800	-236000	-235000     567_3_13
52800	54400	-236000	-235000     567_3_14
54400	56000	-236000	-235000     567_3_15
54400	56000	-237000	-236000     567_3_25
54400	56000	-238000	-237000     567_3_35
54400	56000	-239000	-238000     567_3_45
56000	57600	-238000	-237000     567_4_31
56000	57600	-239000	-238000     567_4_41
56000	57600	-240000	-239000     567_4_51
-60800	-59200	-242000	-241000   568_1_23
-60800	-59200	-243000	-242000   568_1_33
-60800	-59200	-244000	-243000   568_1_43
-60800	-59200	-245000	-244000   568_1_53
-59200	-57600	-241000	-240000   568_1_14
-59200	-57600	-242000	-241000   568_1_24
-59200	-57600	-243000	-242000   568_1_34
-59200	-57600	-244000	-243000   568_1_44
-59200	-57600	-245000	-244000   568_1_54
-60800	-59200	-246000	-245000   568_3_13
-60800	-59200	-247000	-246000   568_3_23
-60800	-59200	-248000	-247000   568_3_33
-60800	-59200	-249000	-248000   568_3_43
-60800	-59200	-250000	-249000   568_3_53
-59200	-57600	-246000	-245000   568_3_14
-59200	-57600	-247000	-246000   568_3_24
-59200	-57600	-248000	-247000   568_3_34
-59200	-57600	-249000	-248000   568_3_44
56000	57600	-241000	-240000     575_2_11
56000	57600	-242000	-241000     575_2_21
57600	59200	-241000	-240000     575_2_12
57600	59200	-242000	-241000     575_2_22
57600	59200	-243000	-242000     575_2_32
57600	59200	-244000	-243000     575_2_42
57600	59200	-245000	-244000     575_2_52
59200	60800	-242000	-241000     575_2_23
59200	60800	-243000	-242000     575_2_33
59200	60800	-245000	-244000     575_2_53
57600	59200	-246000	-245000     575_4_12
59200	60800	-246000	-245000     575_4_13
59200	60800	-247000	-246000     575_4_23
59200	60800	-248000	-247000     575_4_33
59200	60800	-249000	-248000     575_4_43
59200	60800	-250000	-249000     575_4_53
60800	62400	-249000	-248000     575_4_44
60800	62400	-250000	-249000     575_4_54
-64000	-62400	-254000	-253000   576_1_41
-64000	-62400	-255000	-254000   576_1_51
-62400	-60800	-251000	-250000   576_1_12
-62400	-60800	-252000	-251000   576_1_22
-62400	-60800	-253000	-252000   576_1_32
-62400	-60800	-254000	-253000   576_1_42
-62400	-60800	-255000	-254000   576_1_52
-60800	-59200	-251000	-250000   576_1_13
-60800	-59200	-252000	-251000   576_1_23
-60800	-59200	-253000	-252000   576_1_33
-60800	-59200	-254000	-253000   576_1_43
-64000	-62400	-256000	-255000   576_3_11
-64000	-62400	-257000	-256000   576_3_21
-64000	-62400	-258000	-257000   576_3_31
-64000	-62400	-259000	-258000   576_3_41
-62400	-60800	-256000	-255000   576_3_12
-62400	-60800	-257000	-256000   576_3_22
57600	59200	-251000	-250000     583_2_12
59200	60800	-251000	-250000     583_2_13
59200	60800	-252000	-251000     583_2_23
59200	60800	-253000	-252000     583_2_33
60800	62400	-252000	-251000     583_2_24
60800	62400	-253000	-252000     583_2_34
60800	62400	-254000	-253000     583_2_44
60800	62400	-255000	-254000     583_2_54
59200	60800	-258000	-257000     583_4_33
59200	60800	-259000	-258000     583_4_43
60800	62400	-256000	-255000     583_4_14
60800	62400	-257000	-256000     583_4_24
60800	62400	-258000	-257000     583_4_34
60800	62400	-259000	-258000     583_4_44
60800	62400	-260000	-259000     583_4_54
-67200	-65600	-261000	-260000   583A_2_14
-67200	-65600	-262000	-261000   583A_2_24
-67200	-65600	-263000	-262000   583A_2_34
-67200	-65600	-264000	-263000   583A_2_44
-67200	-65600	-265000	-264000   583A_2_54
-65600	-64000	-261000	-260000   583A_2_15
-65600	-64000	-262000	-261000   583A_2_25
-65600	-64000	-263000	-262000   583A_2_35
-65600	-64000	-264000	-263000   583A_2_45
-65600	-64000	-265000	-264000   583A_2_55
-67200	-65600	-266000	-265000   583A_4_14
-67200	-65600	-268000	-267000   583A_4_34
-67200	-65600	-269000	-268000   583A_4_44
-67200	-65600	-270000	-269000   583A_4_54
-65600	-64000	-266000	-265000   583A_4_15
-65600	-64000	-267000	-266000   583A_4_25
-65600	-64000	-268000	-267000   583A_4_35
-65600	-64000	-269000	-268000   583A_4_45
-65600	-64000	-270000	-269000   583A_4_55
60800	62400	-261000	-260000     591_2_14
60800	62400	-262000	-261000     591_2_24
60800	62400	-263000	-262000     591_2_34
60800	62400	-264000	-263000     591_2_44
60800	62400	-265000	-264000     591_2_54
62400	64000	-264000	-263000     591_2_45
62400	64000	-265000	-264000     591_2_55
60800	62400	-267000	-266000     591_4_24
60800	62400	-268000	-267000     591_4_34
60800	62400	-269000	-268000     591_4_44
60800	62400	-270000	-269000     591_4_54
62400	64000	-266000	-265000     591_4_15
62400	64000	-267000	-266000     591_4_25
62400	64000	-268000	-267000     591_4_35
62400	64000	-269000	-268000     591_4_45
62400	64000	-270000	-269000     591_4_55
-70400	-68800	-274000	-273000   592_2_42
-70400	-68800	-275000	-274000   592_2_52
-68800	-67200	-271000	-270000   592_2_13
-68800	-67200	-272000	-271000   592_2_23
-68800	-67200	-273000	-272000   592_2_33
-68800	-67200	-274000	-273000   592_2_43
-68800	-67200	-275000	-274000   592_2_53
-67200	-65600	-271000	-270000   592_2_14
-67200	-65600	-272000	-271000   592_2_24
-67200	-65600	-273000	-272000   592_2_34
-72000	-70400	-280000	-279000   592_4_51
-70400	-68800	-276000	-275000   592_4_12
-70400	-68800	-277000	-276000   592_4_22
-70400	-68800	-278000	-277000   592_4_32
-70400	-68800	-279000	-278000   592_4_42
-70400	-68800	-280000	-279000   592_4_52
-68800	-67200	-276000	-275000   592_4_13
-68800	-67200	-277000	-276000   592_4_23
-68800	-67200	-278000	-277000   592_4_33
-68800	-67200	-279000	-278000   592_4_43
-68800	-67200	-280000	-279000   592_4_53
-44800	-43200	-280000	-279000   594_3_53
-43200	-41600	-279000	-278000   594_3_44
-43200	-41600	-280000	-279000   594_3_54
-41600	-40000	-279000	-278000   594_3_45
-41600	-40000	-280000	-279000   594_3_55
62400	64000	-271000	-270000     600_2_15
62400	64000	-272000	-271000     600_2_25
62400	64000	-273000	-272000     600_2_35
62400	64000	-274000	-273000     600_2_45
62400	64000	-275000	-274000     600_2_55
48000	49600	-280000	-279000     600_3_51
49600	51200	-280000	-279000     600_3_52
51200	52800	-279000	-278000     600_3_43
51200	52800	-280000	-279000     600_3_53
52800	54400	-278000	-277000     600_3_34
52800	54400	-279000	-278000     600_3_44
52800	54400	-280000	-279000     600_3_54
54400	56000	-277000	-276000     600_3_25
54400	56000	-278000	-277000     600_3_35
54400	56000	-279000	-278000     600_3_45
56000	57600	-277000	-276000     600_4_21
56000	57600	-278000	-277000     600_4_31
57600	59200	-277000	-276000     600_4_22
57600	59200	-278000	-277000     600_4_32
59200	60800	-276000	-275000     600_4_13
59200	60800	-277000	-276000     600_4_23
59200	60800	-278000	-277000     600_4_33
60800	62400	-276000	-275000     600_4_14
60800	62400	-277000	-276000     600_4_24
60800	62400	-278000	-277000     600_4_34
62400	64000	-276000	-275000     600_4_15
62400	64000	-277000	-276000     600_4_25
62400	64000	-278000	-277000     600_4_35
-73600	-72000	-284000	-283000   601_1_45
-73600	-72000	-285000	-284000   601_1_55
-72000	-70400	-281000	-280000   601_2_11
-72000	-70400	-282000	-281000   601_2_21
-72000	-70400	-283000	-282000   601_2_31
-72000	-70400	-284000	-283000   601_2_41
-72000	-70400	-285000	-284000   601_2_51
-70400	-68800	-281000	-280000   601_2_12
-70400	-68800	-282000	-281000   601_2_22
-70400	-68800	-283000	-282000   601_2_32
-76800	-75200	-289000	-288000   601_3_43
-76800	-75200	-290000	-289000   601_3_53
-75200	-73600	-286000	-285000   601_3_14
-75200	-73600	-287000	-286000   601_3_24
-75200	-73600	-288000	-287000   601_3_34
-75200	-73600	-289000	-288000   601_3_44
-75200	-73600	-290000	-289000   601_3_54
-73600	-72000	-286000	-285000   601_3_15
-73600	-72000	-287000	-286000   601_3_25
-73600	-72000	-288000	-287000   601_3_35
-73600	-72000	-289000	-288000   601_3_45
-72000	-70400	-286000	-285000   601_4_11
-65600	-64000	-290000	-289000   601_4_55
-49600	-48000	-285000	-284000   602_2_55
-64000	-62400	-289000	-288000   602_3_41
-64000	-62400	-290000	-289000   602_3_51
-62400	-60800	-289000	-288000   602_3_42
-62400	-60800	-290000	-289000   602_3_52
-60800	-59200	-289000	-288000   602_3_43
-60800	-59200	-290000	-289000   602_3_53
-59200	-57600	-288000	-287000   602_3_34
-59200	-57600	-289000	-288000   602_3_44
-59200	-57600	-290000	-289000   602_3_54
-57600	-56000	-288000	-287000   602_3_35
-57600	-56000	-289000	-288000   602_3_45
-57600	-56000	-290000	-289000   602_3_55
-56000	-54400	-287000	-286000   602_4_21
-56000	-54400	-288000	-287000   602_4_31
-56000	-54400	-289000	-288000   602_4_41
-54400	-52800	-287000	-286000   602_4_22
-54400	-52800	-288000	-287000   602_4_32
-54400	-52800	-289000	-288000   602_4_42
-52800	-51200	-287000	-286000   602_4_23
-52800	-51200	-288000	-287000   602_4_33
-51200	-49600	-287000	-286000   602_4_24
-51200	-49600	-288000	-287000   602_4_34
-49600	-48000	-286000	-285000   602_4_15
-49600	-48000	-287000	-286000   602_4_25
-49600	-48000	-288000	-287000   602_4_35
-48000	-46400	-284000	-283000   603_1_41
-48000	-46400	-285000	-284000   603_1_51
-46400	-44800	-283000	-282000   603_1_32
-46400	-44800	-284000	-283000   603_1_42
-46400	-44800	-285000	-284000   603_1_52
-44800	-43200	-281000	-280000   603_1_13
-44800	-43200	-282000	-281000   603_1_23
-44800	-43200	-283000	-282000   603_1_33
-44800	-43200	-284000	-283000   603_1_43
-43200	-41600	-281000	-280000   603_1_14
-43200	-41600	-282000	-281000   603_1_24
-43200	-41600	-283000	-282000   603_1_34
-43200	-41600	-284000	-283000   603_1_44
-41600	-40000	-281000	-280000   603_1_15
-41600	-40000	-282000	-281000   603_1_25
-41600	-40000	-283000	-282000   603_1_35
-41600	-40000	-284000	-283000   603_1_45
-40000	-38400	-283000	-282000   603_2_31
-40000	-38400	-284000	-283000   603_2_41
-38400	-36800	-283000	-282000   603_2_32
-38400	-36800	-284000	-283000   603_2_42
-36800	-35200	-283000	-282000   603_2_33
-36800	-35200	-284000	-283000   603_2_43
-36800	-35200	-285000	-284000   603_2_53
-35200	-33600	-283000	-282000   603_2_34
-35200	-33600	-284000	-283000   603_2_44
-35200	-33600	-285000	-284000   603_2_54
-33600	-32000	-285000	-284000   603_2_55
-48000	-46400	-286000	-285000   603_3_11
-48000	-46400	-287000	-286000   603_3_21
-48000	-46400	-288000	-287000   603_3_31
-35200	-33600	-286000	-285000   603_4_14
-33600	-32000	-286000	-285000   603_4_15
-32000	-30400	-285000	-284000   604_1_51
-30400	-28800	-285000	-284000   604_1_52
-24000	-22400	-285000	-284000   604_2_51
-22400	-20800	-285000	-284000   604_2_52
-20800	-19200	-285000	-284000   604_2_53
-19200	-17600	-285000	-284000   604_2_54
-32000	-30400	-286000	-285000   604_3_11
-32000	-30400	-287000	-286000   604_3_21
-30400	-28800	-286000	-285000   604_3_12
-30400	-28800	-287000	-286000   604_3_22
-28800	-27200	-286000	-285000   604_3_13
-28800	-27200	-287000	-286000   604_3_23
-28800	-27200	-288000	-287000   604_3_33
-27200	-25600	-287000	-286000   604_3_24
-27200	-25600	-288000	-287000   604_3_34
-25600	-24000	-286000	-285000   604_3_15
-25600	-24000	-287000	-286000   604_3_25
-24000	-22400	-286000	-285000   604_4_11
-24000	-22400	-287000	-286000   604_4_21
-22400	-20800	-286000	-285000   604_4_12
-22400	-20800	-287000	-286000   604_4_22
-20800	-19200	-286000	-285000   604_4_13
-20800	-19200	-287000	-286000   604_4_23
-19200	-17600	-286000	-285000   604_4_14
-19200	-17600	-287000	-286000   604_4_24
-17600	-16000	-286000	-285000   604_4_15
-17600	-16000	-287000	-286000   604_4_25
-17600	-16000	-288000	-287000   604_4_35
-17600	-16000	-289000	-288000   604_4_45
-16000	-14400	-287000	-286000   605_3_21
-16000	-14400	-288000	-287000   605_3_31
-16000	-14400	-289000	-288000   605_3_41
-14400	-12800	-288000	-287000   605_3_32
-14400	-12800	-289000	-288000   605_3_42
-12800	-11200	-287000	-286000   605_3_23
-12800	-11200	-288000	-287000   605_3_33
-12800	-11200	-289000	-288000   605_3_43
-11200	-9600	-287000	-286000    605_3_24
-11200	-9600	-288000	-287000    605_3_34
-9600	-8000	-287000	-286000     605_3_25
-9600	-8000	-288000	-287000     605_3_35
-8000	-6400	-286000	-285000     605_4_11
-8000	-6400	-287000	-286000     605_4_21
-8000	-6400	-288000	-287000     605_4_31
-6400	-4800	-286000	-285000     605_4_12
-6400	-4800	-287000	-286000     605_4_22
-4800	-3200	-286000	-285000     605_4_13
-4800	-3200	-287000	-286000     605_4_23
-4800	-3200	-288000	-287000     605_4_33
-3200	-1600	-287000	-286000     605_4_24
-3200	-1600	-288000	-287000     605_4_34
-1600	0	-287000	-286000         605_4_25
-1600	0	-288000	-287000         605_4_35
-1600	0	-289000	-288000         605_4_45
0	1600	-288000	-287000          606_3_31
0	1600	-289000	-288000          606_3_41
0	1600	-290000	-289000          606_3_51
1600	3200	-288000	-287000       606_3_32
1600	3200	-289000	-288000       606_3_42
1600	3200	-290000	-289000       606_3_52
3200	4800	-289000	-288000       606_3_43
3200	4800	-290000	-289000       606_3_53
4800	6400	-290000	-289000       606_3_54
41600	43200	-284000	-283000     608_2_42
41600	43200	-285000	-284000     608_2_52
43200	44800	-282000	-281000     608_2_23
43200	44800	-283000	-282000     608_2_33
43200	44800	-284000	-283000     608_2_43
43200	44800	-285000	-284000     608_2_53
44800	46400	-281000	-280000     608_2_14
44800	46400	-282000	-281000     608_2_24
44800	46400	-283000	-282000     608_2_34
44800	46400	-284000	-283000     608_2_44
44800	46400	-285000	-284000     608_2_54
46400	48000	-281000	-280000     608_2_15
46400	48000	-282000	-281000     608_2_25
46400	48000	-283000	-282000     608_2_35
46400	48000	-284000	-283000     608_2_45
33600	35200	-289000	-288000     608_3_42
33600	35200	-290000	-289000     608_3_52
35200	36800	-289000	-288000     608_3_43
35200	36800	-290000	-289000     608_3_53
36800	38400	-288000	-287000     608_3_34
36800	38400	-289000	-288000     608_3_44
36800	38400	-290000	-289000     608_3_54
38400	40000	-287000	-286000     608_3_25
38400	40000	-288000	-287000     608_3_35
38400	40000	-289000	-288000     608_3_45
38400	40000	-290000	-289000     608_3_55
40000	41600	-286000	-285000     608_4_11
40000	41600	-287000	-286000     608_4_21
40000	41600	-288000	-287000     608_4_31
40000	41600	-289000	-288000     608_4_41
41600	43200	-286000	-285000     608_4_12
41600	43200	-287000	-286000     608_4_22
41600	43200	-288000	-287000     608_4_32
43200	44800	-286000	-285000     608_4_13
43200	44800	-287000	-286000     608_4_23
44800	46400	-286000	-285000     608_4_14
48000	49600	-281000	-280000     608A_1_11
48000	49600	-282000	-281000     608A_1_21
48000	49600	-283000	-282000     608A_1_31
49600	51200	-281000	-280000     608A_1_12
49600	51200	-282000	-281000     608A_1_22
51200	52800	-281000	-280000     608A_1_13
-78400	-76800	-293000	-292000   609_1_32
-78400	-76800	-294000	-293000   609_1_42
-78400	-76800	-295000	-294000   609_1_52
-76800	-75200	-291000	-290000   609_1_13
-76800	-75200	-292000	-291000   609_1_23
-76800	-75200	-293000	-292000   609_1_33
-76800	-75200	-294000	-293000   609_1_43
-76800	-75200	-295000	-294000   609_1_53
-75200	-73600	-291000	-290000   609_1_14
-75200	-73600	-292000	-291000   609_1_24
-75200	-73600	-293000	-292000   609_1_34
-75200	-73600	-294000	-293000   609_1_44
-75200	-73600	-295000	-294000   609_1_54
-73600	-72000	-293000	-292000   609_1_35
-73600	-72000	-294000	-293000   609_1_45
-73600	-72000	-295000	-294000   609_1_55
-72000	-70400	-294000	-293000   609_2_41
-72000	-70400	-295000	-294000   609_2_51
-70400	-68800	-293000	-292000   609_2_32
-70400	-68800	-294000	-293000   609_2_42
-70400	-68800	-295000	-294000   609_2_52
-68800	-67200	-291000	-290000   609_2_13
-68800	-67200	-292000	-291000   609_2_23
-68800	-67200	-293000	-292000   609_2_33
-68800	-67200	-294000	-293000   609_2_43
-67200	-65600	-291000	-290000   609_2_14
-67200	-65600	-292000	-291000   609_2_24
-65600	-64000	-291000	-290000   609_2_15
-65600	-64000	-292000	-291000   609_2_25
-73600	-72000	-296000	-295000   609_3_15
-73600	-72000	-297000	-296000   609_3_25
-73600	-72000	-298000	-297000   609_3_35
-72000	-70400	-296000	-295000   609_4_11
-72000	-70400	-297000	-296000   609_4_21
-70400	-68800	-296000	-295000   609_4_12
3200	4800	-291000	-290000       610_1_13
4800	6400	-291000	-290000       610_1_14
4800	6400	-292000	-291000       610_1_24
6400	8000	-291000	-290000       610_1_15
6400	8000	-292000	-291000       610_1_25
6400	8000	-293000	-292000       610_1_35
6400	8000	-294000	-293000       610_1_45
8000	9600	-292000	-291000       610_2_21
8000	9600	-293000	-292000       610_2_31
8000	9600	-294000	-293000       610_2_41
8000	9600	-295000	-294000       610_2_51
9600	11200	-292000	-291000      610_2_22
9600	11200	-293000	-292000      610_2_32
9600	11200	-294000	-293000      610_2_42
9600	11200	-295000	-294000      610_2_52
11200	12800	-292000	-291000     610_2_23
11200	12800	-293000	-292000     610_2_33
11200	12800	-294000	-293000     610_2_43
11200	12800	-295000	-294000     610_2_53
12800	14400	-293000	-292000     610_2_34
12800	14400	-294000	-293000     610_2_44
12800	14400	-295000	-294000     610_2_54
14400	16000	-293000	-292000     610_2_35
14400	16000	-294000	-293000     610_2_45
14400	16000	-295000	-294000     610_2_55
9600	11200	-296000	-295000      610_4_12
11200	12800	-296000	-295000     610_4_13
11200	12800	-297000	-296000     610_4_23
12800	14400	-296000	-295000     610_4_14
12800	14400	-297000	-296000     610_4_24
12800	14400	-298000	-297000     610_4_34
14400	16000	-296000	-295000     610_4_15
14400	16000	-297000	-296000     610_4_25
14400	16000	-298000	-297000     610_4_35
14400	16000	-299000	-298000     610_4_45
14400	16000	-300000	-299000     610_4_55
16000	17600	-293000	-292000     611_1_31
16000	17600	-294000	-293000     611_1_41
16000	17600	-295000	-294000     611_1_51
17600	19200	-295000	-294000     611_1_52
19200	20800	-294000	-293000     611_1_43
19200	20800	-295000	-294000     611_1_53
20800	22400	-294000	-293000     611_1_44
20800	22400	-295000	-294000     611_1_54
22400	24000	-294000	-293000     611_1_45
22400	24000	-295000	-294000     611_1_55
24000	25600	-294000	-293000     611_2_41
24000	25600	-295000	-294000     611_2_51
25600	27200	-293000	-292000     611_2_32
25600	27200	-294000	-293000     611_2_42
25600	27200	-295000	-294000     611_2_52
27200	28800	-293000	-292000     611_2_33
27200	28800	-294000	-293000     611_2_43
27200	28800	-295000	-294000     611_2_53
28800	30400	-292000	-291000     611_2_24
28800	30400	-293000	-292000     611_2_34
28800	30400	-294000	-293000     611_2_44
28800	30400	-295000	-294000     611_2_54
30400	32000	-292000	-291000     611_2_25
30400	32000	-293000	-292000     611_2_35
30400	32000	-294000	-293000     611_2_45
30400	32000	-295000	-294000     611_2_55
16000	17600	-296000	-295000     611_3_11
16000	17600	-297000	-296000     611_3_21
16000	17600	-298000	-297000     611_3_31
16000	17600	-299000	-298000     611_3_41
16000	17600	-300000	-299000     611_3_51
17600	19200	-296000	-295000     611_3_12
17600	19200	-297000	-296000     611_3_22
17600	19200	-298000	-297000     611_3_32
17600	19200	-299000	-298000     611_3_42
17600	19200	-300000	-299000     611_3_52
19200	20800	-296000	-295000     611_3_13
19200	20800	-297000	-296000     611_3_23
19200	20800	-298000	-297000     611_3_33
19200	20800	-299000	-298000     611_3_43
19200	20800	-300000	-299000     611_3_53
20800	22400	-296000	-295000     611_3_14
20800	22400	-297000	-296000     611_3_24
20800	22400	-298000	-297000     611_3_34
20800	22400	-299000	-298000     611_3_44
20800	22400	-300000	-299000     611_3_54
22400	24000	-296000	-295000     611_3_15
22400	24000	-297000	-296000     611_3_25
22400	24000	-298000	-297000     611_3_35
22400	24000	-299000	-298000     611_3_45
22400	24000	-300000	-299000     611_3_55
24000	25600	-296000	-295000     611_4_11
24000	25600	-297000	-296000     611_4_21
24000	25600	-298000	-297000     611_4_31
24000	25600	-299000	-298000     611_4_41
24000	25600	-300000	-299000     611_4_51
25600	27200	-296000	-295000     611_4_12
25600	27200	-297000	-296000     611_4_22
25600	27200	-298000	-297000     611_4_32
25600	27200	-299000	-298000     611_4_42
27200	28800	-296000	-295000     611_4_13
27200	28800	-297000	-296000     611_4_23
27200	28800	-298000	-297000     611_4_33
28800	30400	-296000	-295000     611_4_14
28800	30400	-297000	-296000     611_4_24
30400	32000	-296000	-295000     611_4_15
32000	33600	-291000	-290000     612_1_11
32000	33600	-292000	-291000     612_1_21
32000	33600	-293000	-292000     612_1_31
32000	33600	-294000	-293000     612_1_41
33600	35200	-291000	-290000     612_1_12
33600	35200	-292000	-291000     612_1_22
33600	35200	-293000	-292000     612_1_32
35200	36800	-291000	-290000     612_1_13
35200	36800	-292000	-291000     612_1_23
36800	38400	-291000	-290000     612_1_14
-65600	-64000	45000	46000       248B_2_55
-65600	-64000	46000	47000       248B_2_45
-65600	-64000	54000	55000       238A_4_15
-41600	-40000	265000	266000     002_1_55
-57600	-56000	250000	251000     006_3_55
-57600	-56000	214000	215000     054_3_15
-57600	-56000	213000	214000     054_3_25
-57600	-56000	212000	213000     054_3_35
-57600	-56000	211000	212000     054_3_45
-49600	-48000	128000	129000     162A_2_25
-49600	-48000	127000	128000     162A_2_35
-49600	-48000	126000	127000     162A_2_45
-49600	-48000	125000	126000     162A_2_55
-57600	-56000	93000	94000       195_3_25
-57600	-56000	92000	93000       195_3_35
-57600	-56000	91000	92000       195_3_45
-57600	-56000	90000	91000       195_3_55
-81600	-80000	2000	3000         295A_4_35
-81600	-80000	1000	2000         295A_4_45
-81600	-80000	0	1000            295A_4_55
-120000	-118400	-27000	-26000   325B_4_21
-120000	-118400	-28000	-27000   325B_4_31
-118400	-116800	-27000	-26000   325B_4_22
-118400	-116800	-28000	-27000   325B_4_32
-113600	-112000	-74000	-73000   388A_2_45
-113600	-112000	-78000	-77000   388A_4_35
-113600	-112000	-75000	-74000   388A_2_55
-113600	-112000	-79000	-78000   388A_4_45
-113600	-112000	-65000	-64000   373A_2_55
-113600	-112000	-71000	-70000   388A_2_15
-113600	-112000	-72000	-71000   388A_2_25
-113600	-112000	-66000	-65000   373A_4_15
-113600	-112000	-80000	-79000   388A_4_55
-113600	-112000	-70000	-69000   373A_4_55
-113600	-112000	-77000	-76000   388A_4_25
-113600	-112000	-76000	-75000   388A_4_15
-113600	-112000	-73000	-72000   388A_2_35
-65600	-64000	-136000	-135000   465_4_15
-65600	-64000	-260000	-259000   575A_4_55
-67200	-65600	-260000	-259000   575A_4_54
-65600	-64000	-259000	-258000   575A_4_45
-65600	-64000	-257000	-256000   575A_4_25
-65600	-64000	-258000	-257000   575A_4_35
20800	22400	-301000	-300000     611A_1_14
19200	20800	-301000	-300000     611A_1_13
22400	24000	-301000	-300000     611A_1_15
24000	25600	-301000	-300000     611A_2_11
17600	19200	-301000	-300000     611A_1_12
20800	22400	-302000	-301000     611A_1_24
64000	65600	-271000	-270000     600A_1_11
64000	65600	-272000	-271000     600A_1_21
64000	65600	-273000	-272000     600A_1_31
64000	65600	-274000	-273000     600A_1_41
64000	65600	-275000	-274000     600A_1_51
64000	65600	-276000	-275000     600A_3_11
65600	67200	-276000	-275000     600A_3_12
64000	65600	-277000	-276000     600A_3_21
65600	67200	-277000	-276000     600A_3_22
64000	65600	-278000	-277000     600A_3_31
65600	67200	-278000	-277000     600A_3_32
64000	65600	-279000	-278000     600A_3_41
65600	67200	-279000	-278000     600A_3_42
-67200	-65600	-191000	-190000   525B_2_14
-67200	-65600	-192000	-191000   525B_2_24
-105600	-104000	-111000	-110000 441B_1_15
-64000	-62400	-291000	-290000   609A_1_15
-48000	-46400	258000	259000     007_1_21
