# REVEL plate polygons. Source: Mirone data/REVEL_polyg.mat; patch list, tags, colours,
# draw order and date-line splitting from src_figs/plate_calculator.m (set_*plate_model).
# > <abbrev> <name> <r/g/b>, then lon lat rows (lon in -180:180).
> AN Antarctic 255/255/0
179.999 -90.0
179.963 -65.7385
179.381 -65.4773
177.889 -64.9749
175.582 -63.984
173.631 -64.7379
172.164 -64.0974
169.238 -62.4461
166.858 -63.2206
165.103 -62.0772
163.202 -62.6599
161.975 -61.763
161.228 -61.4567
156.457 -62.9143
153.639 -59.9299
151.29 -60.4126
150.733 -59.4753
150.006 -59.5704
148.806 -57.4358
147.902 -57.5662
146.881 -54.6953
144.282 -54.7985
143.778 -54.2343
142.25 -54.2149
140.659 -53.8854
140.323 -51.7983
139.813 -51.8376
139.645 -50.2794
138.401 -50.2311
135.246 -50.2093
135.026 -50.3842
132.261 -50.2228
131.515 -50.2222
131.256 -50.6037
130.569 -50.5249
127.143 -49.9761
127.313 -48.7639
126.434 -48.6297
125.896 -49.7171
125.262 -49.5983
124.992 -49.1528
124.213 -48.8476
124.007 -48.9058
123.328 -49.5847
123.013 -49.5424
122.797 -49.7286
122.553 -49.8116
122.224 -49.8462
121.437 -49.6202
121.555 -49.0056
120.842 -48.8896
120.273 -50.036
118.547 -49.8017
118.194 -49.8648
116.635 -49.2709
116.256 -49.5404
115.988 -49.8517
115.5 -49.9743
114.362 -49.8778
114.024 -50.3877
112.967 -50.2004
111.666 -50.0838
111.129 -49.8004
110.868 -49.8289
110.472 -49.779
108.24 -49.2587
108.285 -49.1823
106.692 -48.8414
106.554 -49.1009
100.202 -47.2665
99.6243 -47.9781
95.842 -46.5203
96.6975 -45.4707
94.9257 -44.8053
95.0405 -44.6195
88.4884 -41.6859
88.0599 -41.9974
85.8592 -40.8341
83.439 -42.8896
80.9315 -41.1299
79.99 -41.8919
78.6586 -40.8722
78.4837 -40.8664
77.8245 -40.326
78.4254 -39.9049
78.0024 -39.5385
78.3839 -39.262
78.0731 -39.0049
78.5293 -38.6592
78.1815 -38.3932
78.7061 -38.0006
78.0213 -37.4829
79.1839 -36.5109
78.2011 -35.6831
78.8035 -35.1612
78.4423 -34.8423
78.4879 -34.8067
77.3518 -33.8383
78.0858 -33.1942
76.3948 -31.7191
76.6894 -31.4649
76.1481 -30.9704
76.2045 -30.9057
75.3926 -30.2401
75.5149 -30.1176
75.3641 -30.0058
75.5539 -29.8394
74.9376 -29.3284
74.994 -29.2645
74.1922 -28.5413
74.4058 -28.3173
73.5342 -27.5698
73.3995 -27.655
73.1227 -27.4458
72.9202 -27.5728
72.0084 -26.7182
72.0656 -26.656
71.7166 -26.3857
71.58 -26.4544
71.1354 -26.0831
70.9943 -26.1873
70.6654 -25.9124
70.4086 -26.0604
69.9595 -25.6512
69.49 -25.6762
69.4603 -25.7822
69.1379 -25.7843
69.15 -25.9933
68.8294 -26.0089
68.8197 -26.141
68.5979 -26.1206
68.6219 -26.2625
67.9791 -26.2906
67.9622 -26.583
67.4333 -26.5715
67.424 -26.8699
67.1555 -26.8674
67.129 -27.2692
66.373 -27.2811
66.359 -27.5145
65.3475 -27.5141
65.3321 -27.8122
63.6037 -27.8313
63.6211 -28.0388
63.1942 -28.0214
63.2112 -28.164
62.703 -28.1525
62.7462 -28.4585
62.1351 -28.4896
62.1619 -28.8114
61.5176 -28.7772
61.5322 -28.9199
60.8102 -28.9313
60.7628 -30.5315
59.188 -30.5671
59.1667 -31.0497
58.5299 -31.0553
58.4563 -31.691
57.153 -31.7706
57.0607 -33.5542
55.7379 -33.6528
55.6987 -34.235
55.301 -34.2872
55.2747 -34.5605
54.2551 -34.5416
54.2161 -35.3024
53.4706 -35.5167
53.4665 -36.1409
52.338 -36.1624
52.2827 -37.4322
50.827 -37.4507
50.8233 -37.5799
49.9622 -37.5968
49.9451 -37.7902
49.0366 -37.7917
49.0344 -37.9999
48.6326 -38.0142
48.0171 -38.478
48.0234 -38.6507
46.2444 -38.8699
46.0744 -40.119
45.3318 -40.1085
45.3027 -40.3659
44.716 -40.3689
44.6858 -40.6911
44.023 -40.6708
44.0092 -40.915
42.8729 -40.8505
42.4686 -42.7299
41.812 -42.6553
41.5578 -43.5794
39.4588 -43.2862
39.0729 -44.1648
38.3383 -44.0547
38.0827 -44.6188
37.5083 -44.8753
37.0855 -44.8043
36.3029 -44.9665
35.9729 -44.9607
35.6603 -44.866
35.1819 -44.8555
35.0145 -45.1058
34.704 -45.9714
34.5037 -46.2216
34.2672 -46.2123
33.8184 -45.9791
33.54 -46.3464
33.1739 -47.2644
32.1258 -46.9998
31.8654 -47.2011
30.7046 -49.0106
30.3617 -49.2155
29.7115 -49.9335
28.6054 -51.7716
28.1108 -52.9037
27.4795 -52.7708
27.3221 -52.5472
26.7131 -52.378
26.5129 -52.6201
26.1809 -53.4288
25.9869 -53.5818
25.6475 -53.41
25.1797 -53.4441
24.8726 -53.3453
24.6851 -53.4215
23.0214 -53.2004
23.0753 -53.0977
21.2504 -52.9088
19.9938 -52.8167
18.7125 -52.5529
18.5374 -52.7343
15.8223 -51.787
15.1124 -52.3075
14.4633 -51.9971
13.7876 -52.4769
12.8951 -51.9629
10.9748 -53.332
9.9931 -52.7923
7.7724 -54.396
6.6254 -53.8142
5.4947 -54.5429
4.8266 -54.1616
4.4146 -54.4303
3.9564 -54.1267
3.0254 -53.6507
0.9645 -54.8322
0.4432 -54.4512
-0.4379 -54.8518
-1.6059 -55.1293
-1.6137 -55.6529
-4.6906 -55.8072
-4.6934 -56.5916
-6.0568 -56.6721
-6.1303 -57.2402
-6.9992 -57.3176
-7.009 -57.8694
-12.6489 -58.2406
-15.9715 -58.4388
-16.41 -59.0984
-18.06 -59.1526
-18.1233 -59.5093
-18.4325 -59.5423
-18.6464 -60.25
-19.3705 -60.2891
-19.5812 -60.8108
-24.1069 -60.6917
-26.0709 -60.391
-27.6967 -60.6171
-32.367 -60.4089
-34.8252 -60.9895
-36.4181 -61.392
-39.093 -61.018
-39.827 -60.634
-41.2136 -60.975
-42.0674 -60.501
-44.2259 -60.2425
-46.9632 -59.9598
-48.2507 -59.9684
-50.8871 -60.0936
-51.1194 -60.5725
-52.0681 -60.7527
-53.1221 -61.0366
-54.3007 -61.5102
-55.4359 -61.6868
-56.3056 -62.0627
-58.6143 -62.5533
-61.7501 -63.2928
-62.4198 -63.0013
-63.2916 -62.8247
-63.9693 -62.4224
-63.1053 -62.11
-60.6502 -61.3632
-59.836 -61.1768
-57.4938 -60.8546
-56.925 -60.5647
-58.223 -59.9993
-59.7045 -59.4535
-61.0399 -59.0105
-63.5707 -58.3592
-64.617 -57.9586
-67.1018 -57.5019
-68.0972 -57.0717
-70.4011 -56.622
-71.5481 -56.2552
-72.9952 -55.6654
-74.7492 -54.6451
-75.7203 -53.9412
-76.3121 -52.9285
-76.7565 -50.7289
-76.9898 -49.8446
-77.024 -49.1923
-76.9255 -48.5065
-76.6497 -47.8746
-75.9972 -47.0799
-75.9581 -46.422
-76.0062 -45.6585
-76.6746 -45.6427
-77.6607 -45.7605
-77.9902 -45.0916
-78.2065 -44.4111
-80.2811 -44.7819
-81.9346 -44.9641
-82.3507 -43.639
-82.5089 -42.8607
-83.4475 -42.9815
-83.8269 -41.1247
-85.1484 -41.2533
-87.3364 -41.5213
-87.4171 -41.2729
-90.054 -41.4319
-90.0876 -41.0585
-91.391 -41.1025
-91.6579 -38.8656
-93.0225 -38.9673
-93.0748 -38.4294
-93.9963 -38.4823
-94.1298 -37.0006
-97.4131 -36.871
-97.4017 -36.2936
-98.4167 -36.1928
-100.645 -36.0632
-105.988 -35.4388
-107.343 -35.3445
-108.797 -35.1319
-109.259 -34.5446
-109.691 -34.6092
-110.141 -34.8171
-110.527 -35.0613
-110.827 -35.0908
-110.895 -35.7967
-110.579 -35.8301
-110.739 -36.3578
-110.471 -36.4102
-111.27 -38.9785
-110.391 -38.9858
-110.677 -40.1638
-110.954 -42.2487
-111.349 -42.2004
-112.216 -44.3811
-112.675 -45.8327
-112.426 -45.8544
-113.745 -49.3574
-113.875 -49.8489
-116.388 -49.3675
-117.225 -50.4178
-118.977 -52.8974
-117.661 -53.1241
-118.037 -53.6908
-118.581 -54.8185
-119.685 -54.6416
-120.663 -54.4098
-121.635 -55.8321
-121.862 -56.0262
-123.442 -55.715
-125.077 -55.4541
-126.197 -55.1382
-126.8 -55.0641
-127.231 -55.5654
-128.624 -55.3215
-130.059 -54.9314
-132.87 -54.2371
-136.18 -53.3957
-136.59 -53.9067
-137.89 -53.5679
-139.578 -55.6146
-139.191 -55.7249
-139.545 -56.2678
-140.325 -57.0528
-144.857 -55.7842
-146.681 -57.3076
-147.167 -57.6379
-147.692 -57.5547
-148.276 -58.13
-149.264 -58.8221
-150.382 -59.7176
-151.329 -59.4694
-154.181 -61.8361
-154.324 -61.7762
-156.022 -62.9525
-156.717 -63.324
-158.394 -62.7885
-158.703 -63.0044
-159.888 -62.5954
-160.43 -62.9233
-162.061 -62.3936
-163.921 -63.4667
-166.199 -62.6056
-166.608 -62.49
-170.043 -64.8585
-171.3 -64.3564
-174.418 -65.8352
-175.729 -65.1825
-178.793 -66.1632
-179.197 -65.9859
-179.999 -90.0
> NA North_Am 0/0/255
-179.999 90.0
-179.202 50.4965
-177.758 50.4842
-177.088 50.496
-176.223 50.5883
-175.629 50.7447
-173.328 50.9636
-171.634 51.1706
-170.159 51.4395
-166.819 52.2568
-163.934 52.9879
-162.413 53.3672
-159.344 53.8555
-157.986 54.1008
-156.138 54.5272
-155.239 54.7845
-153.164 55.6104
-152.227 56.0583
-151.218 56.3092
-150.081 56.6229
-149.22 56.9251
-148.257 57.3469
-147.449 57.8319
-146.759 58.3521
-145.756 59.2735
-144.977 59.5759
-144.316 59.9182
-142.405 60.465
-141.598 60.4009
-141.074 60.3099
-140.128 60.3809
-139.396 60.0897
-138.86 59.7619
-137.819 58.9251
-137.107 58.4379
-136.895 58.0895
-136.522 57.6342
-135.903 56.621
-135.18 55.8186
-134.151 54.8122
-133.84 54.3774
-133.093 53.5217
-132.714 53.127
-131.592 52.2591
-130.85 51.6121
-130.548 51.3981
-130.212 51.2777
-129.982 51.1013
-129.738 50.8359
-129.46 50.6472
-129.01 50.4787
-128.719 50.3103
-128.414 50.0856
-128.283 49.8847
-128.029 49.7814
-127.852 49.4906
-127.818 49.0802
-127.608 48.8768
-127.018 48.5646
-126.486 47.9956
-126.37 47.748
-126.085 47.3503
-125.998 46.9697
-125.655 45.9461
-125.435 45.1036
-125.434 44.7254
-125.376 44.6675
-125.362 44.0663
-125.429 44.0023
-125.45 43.9254
-125.474 43.426
-125.289 43.0514
-125.268 42.5614
-125.198 42.4917
-125.209 42.3588
-125.29 42.2845
-125.331 42.1419
-125.281 41.8176
-125.309 41.6522
-125.089 41.1354
-124.933 40.8839
-124.953 40.6333
-124.742 40.3134
-124.416 40.3107
-123.89 39.4388
-123.305 38.5406
-122.38 37.527
-122.005 37.2048
-121.305 36.6983
-119.936 35.4502
-119.329 34.9812
-118.072 34.5641
-117.507 34.3498
-117.159 34.1811
-116.66 34.0424
-116.209 33.7711
-115.773 33.4211
-115.596 33.2366
-115.717 33.1297
-115.508 32.9581
-115.581 32.876
-115.212 32.5118
-115.33 32.4183
-114.522 31.786
-114.118 31.3557
-114.439 31.0972
-114.129 30.6797
-113.807 30.3135
-114.041 30.1205
-113.758 29.8344
-113.969 29.6458
-113.775 29.4397
-113.281 29.0084
-113.339 28.9498
-113.087 28.7147
-112.321 28.1249
-111.711 27.6935
-111.382 27.4969
-111.569 27.2152
-111.373 27.1053
-111.506 26.9267
-110.68 26.3605
-110.778 26.2249
-109.806 25.5567
-110.007 25.3392
-109.591 25.0163
-109.062 24.6582
-109.276 24.396
-108.357 23.6135
-108.651 23.2413
-108.388 23.0822
-108.01 22.9857
-108.232 22.7117
-108.273 22.6134
-108.527 22.2769
-108.516 22.2011
-108.676 21.9596
-108.114 21.72
-107.928 21.6861
-107.774 21.7397
-107.046 21.7536
-106.89 21.7992
-106.757 21.483
-106.525 21.1838
-106.442 21.1208
-106.381 20.8397
-106.385 20.4281
-106.271 19.9158
-106.121 19.6437
-105.949 19.4019
-105.546 18.9807
-104.725 18.3684
-104.406 18.209
-104.191 18.1383
-103.2 17.6155
-102.432 17.2799
-101.703 17.0256
-100.867 16.6363
-100.336 16.4424
-99.806 16.298
-99.0281 15.9191
-98.1657 15.6399
-97.2174 15.3584
-96.219 15.3609
-95.7986 15.2765
-95.117 14.8866
-94.5422 14.4786
-93.6558 14.0161
-93.3094 13.7932
-92.9619 13.7221
-92.5992 13.498
-92.2724 13.2233
-92.0632 13.2712
-90.898 12.5837
-90.8103 13.3941
-89.718 14.8151
-89.3716 15.215
-88.8764 15.6222
-88.351 15.9583
-87.7228 16.2506
-86.9661 16.4759
-85.6714 16.911
-84.9097 17.1066
-84.2479 17.344
-83.7058 17.4809
-82.8646 17.6257
-82.2442 17.6907
-81.6248 17.8016
-81.7541 18.8647
-76.9834 19.7465
-75.7287 19.9419
-74.7486 20.0372
-73.2385 20.2913
-72.3322 20.331
-71.2771 20.2005
-69.9775 19.8015
-68.8528 19.589
-68.0218 19.687
-66.2594 19.8246
-65.1285 19.8329
-63.3598 19.6915
-62.8467 19.5743
-62.1765 19.2752
-61.5534 18.9589
-59.9491 19.4547
-57.4928 19.052
-56.8045 18.6941
-56.1185 18.2576
-54.8525 17.309
-53.4599 16.9565
-52.3037 16.567
-50.4668 15.8704
-49.8027 15.983
-49.2071 16.0346
-47.693 15.9566
-46.7658 15.4506
-46.5287 16.5868
-46.5887 16.6067
-46.4072 17.5663
-46.5202 17.5883
-46.3907 18.422
-46.3182 18.4215
-46.2243 18.9351
-46.1844 18.9319
-46.0015 19.8227
-45.9398 19.8022
-45.7737 20.618
-45.557 20.5958
-45.4187 21.2217
-45.5152 21.2465
-45.3853 21.8223
-45.2483 21.8064
-45.0658 22.9731
-45.0239 22.9632
-44.9245 23.6459
-46.4758 23.9174
-46.1961 24.5974
-46.1188 24.5904
-45.7915 25.2542
-45.4988 25.1918
-45.0917 26.0814
-44.8989 26.0554
-44.8163 26.27
-44.8666 26.2796
-44.5059 27.2538
-44.3831 27.2355
-44.0217 28.1069
-43.9423 28.1049
-43.5632 28.8108
-43.4828 28.8021
-43.0882 29.4691
-43.0373 29.4714
-42.7286 30.0697
-42.1364 29.9733
-41.4304 31.237
-41.1836 31.1941
-40.71 31.8173
-40.5526 31.8025
-39.6999 33.0841
-39.586 33.0673
-39.3993 33.7676
-37.7975 33.5012
-37.6776 33.7362
-37.5328 33.7052
-37.3364 34.1362
-37.2446 34.1238
-37.0461 34.5669
-36.8618 34.5542
-36.7846 34.7122
-36.6231 34.6929
-36.3731 35.2798
-34.7464 35.0102
-34.4595 35.6246
-34.3354 35.616
-34.1424 36.0794
-34.0568 36.0713
-33.9816 36.2212
-33.7717 36.185
-33.5947 36.7422
-33.3135 36.691
-33.2246 36.9408
-33.0049 36.9159
-32.9431 37.0654
-32.7077 37.0333
-32.6456 37.1763
-32.3946 37.1369
-32.2826 37.3915
-31.5164 37.2823
-31.3713 37.7049
-31.0706 37.6802
-30.6055 38.4025
-30.4301 38.3883
-29.9091 39.3871
-29.7698 39.3996
-29.5802 40.0788
-29.5881 40.1065
-29.6565 40.1068
-29.5695 40.4695
-29.577 40.5495
-29.5605 40.5987
-29.346 40.5699
-29.256 40.9847
-29.2286 41.2153
-29.3223 41.2467
-29.1616 41.9101
-29.2606 41.9294
-29.2226 42.2891
-29.4347 42.2905
-29.3177 42.6744
-29.3214 42.7145
-29.3715 42.724
-29.3168 43.0807
-29.1736 43.0796
-28.7964 43.7684
-28.5237 43.768
-28.4349 44.1976
-28.3666 44.1843
-28.1057 44.9094
-28.1575 44.9196
-28.0763 45.1274
-27.9945 45.0983
-27.9721 45.3441
-27.9374 45.3373
-27.9236 45.4663
-27.8714 45.4561
-27.877 45.5362
-27.8246 45.5259
-27.7394 45.8782
-27.6994 45.8835
-27.6773 45.9846
-27.602 45.983
-27.5649 46.2131
-27.512 46.2027
-27.436 46.7551
-27.3775 46.7568
-27.3336 46.999
-27.4741 47.264
-27.448 47.602
-27.4635 47.6578
-27.5644 47.6508
-27.7602 48.5848
-28.0108 48.605
-28.2631 49.0987
-28.4262 49.2858
-28.5619 49.6386
-28.8181 49.657
-28.96 49.9047
-29.0217 50.1515
-29.1982 50.2206
-29.8746 50.7897
-29.9815 50.9898
-30.0262 52.0297
-31.2684 52.1089
-31.2573 52.4197
-33.0204 52.6151
-35.1376 52.7051
-35.1828 53.2105
-35.3248 53.238
-35.2457 53.5121
-35.4517 53.5459
-35.121 54.3076
-35.4878 54.3313
-35.289 54.786
-35.2739 54.9127
-35.212 54.9707
-35.3386 54.9959
-34.8774 55.8485
-34.6376 55.8119
-34.4402 56.4985
-34.346 56.502
-34.2185 56.7462
-34.0724 56.7388
-33.9781 56.9019
-33.5871 56.8745
-33.4966 57.2643
-33.2031 57.2849
-32.9177 57.6671
-32.8065 57.6422
-32.4918 57.9566
-32.4724 58.0062
-32.2805 57.9979
-31.7451 58.4683
-31.556 58.4466
-31.178 58.8048
-30.977 58.9759
-30.7911 58.9408
-30.0429 59.6182
-29.6362 59.8678
-29.0285 60.3399
-28.9266 60.3334
-28.6416 60.5661
-27.5817 61.2519
-27.0316 61.6654
-26.5265 61.9392
-26.1072 62.2373
-25.4487 62.62
-25.3112 62.6137
-24.8881 62.9238
-24.0095 63.3551
-23.3303 63.6508
-23.0586 63.6498
-22.872 63.7673
-21.2976 64.0672
-19.2377 63.8625
-18.6261 64.1823
-17.8218 64.4892
-17.3675 64.7367
-17.141 64.9952
-17.025 65.3793
-16.5068 66.203
-17.7178 66.3645
-17.4735 66.6852
-18.2473 66.7807
-18.118 66.9337
-19.0988 67.0581
-18.2203 68.0662
-17.1537 68.8649
-16.4874 68.8084
-14.7339 70.3891
-14.4479 70.3539
-13.8924 70.8158
-12.9046 70.6977
-12.2549 70.563
-11.3563 71.0519
-12.3591 71.2522
-11.3695 71.7744
-7.3747 71.1248
-6.8999 71.2816
-5.9171 71.4646
-5.6985 71.5398
-4.7412 71.3332
-4.0724 71.4905
-3.6923 71.398
-1.7425 71.6851
0.2811 72.0148
1.9906 72.3278
2.781 72.4331
5.586 72.9243
7.391 73.2524
7.7912 73.3712
8.6521 73.5335
9.0369 73.7585
9.2029 73.9795
9.1326 74.3772
8.6304 74.9462
7.9464 75.3817
7.6033 75.7289
7.4804 76.279
7.88 77.7119
7.7848 78.2347
3.4317 79.0302
3.9007 79.228
4.3903 79.5327
2.3776 79.7797
-2.3408 80.3704
-1.6839 80.6248
-3.3638 80.7922
-2.4141 81.1256
-4.6412 81.3697
-3.9091 81.6203
-5.033 81.9128
-3.6999 82.3281
-5.8654 82.6912
-7.2124 82.8685
-6.2343 83.0004
-5.1542 83.2491
-1.2062 83.8642
2.2351 84.3435
4.0347 84.5969
4.5076 84.5702
6.6654 84.7622
8.1339 84.8982
8.9377 85.0094
9.8085 84.9579
10.6588 85.067
21.3426 85.7987
28.1433 85.8745
29.2294 85.8101
43.4795 86.4958
46.3137 86.5612
46.0625 86.5982
47.5235 86.6406
61.5056 86.8049
62.4625 86.7548
66.5438 86.6549
66.301 86.6065
69.7522 86.4724
68.2081 86.3058
78.4034 85.7682
83.1425 85.556
88.4863 85.3456
95.8392 85.1018
103.943 84.5785
108.939 84.1936
111.974 83.8238
113.723 83.5124
115.793 83.0141
117.755 82.2981
119.1 82.0874
119.984 81.5953
123.408 79.7593
125.188 78.9901
125.679 78.1326
127.181 77.2341
128.05 76.0501
128.955 74.938
130.2 74.0179
131.263 73.3715
132.483 72.6946
134.017 71.8654
135.595 70.6916
135.962 70.5295
136.758 69.9536
138.523 69.0423
139.381 67.9097
141.242 66.9794
143.731 66.3181
144.932 65.2865
153.946 61.7209
156.717 61.4785
159.367 61.3222
163.345 61.2409
166.691 61.4138
170.743 61.7358
169.027 60.2932
164.93 58.8966
162.592 56.4203
164.066 55.2092
164.847 54.957
165.771 54.5884
166.407 54.2367
167.413 53.906
168.188 53.5694
168.836 53.2079
171.847 52.0259
172.964 51.6839
175.571 51.1082
177.68 50.6976
179.688 50.5055
179.999 90.0
> AU Australia 0/0/255
68.2738 -6.8109
67.8113 -7.2525
68.0731 -7.6477
67.6424 -8.0271
68.039 -8.4919
67.0896 -9.2703
67.378 -9.63
66.46 -10.3502
66.7874 -10.762
66.1674 -11.21
66.4182 -11.559
65.6978 -12.0185
66.3692 -12.8327
65.8205 -13.2681
66.2097 -13.7773
65.9278 -13.9791
66.4883 -14.698
67.3827 -15.9419
67.033 -16.1389
67.4105 -16.6587
66.1428 -17.4501
65.0073 -18.0579
66.0333 -19.5775
66.428 -20.0783
66.7513 -19.8703
67.0404 -20.2181
67.3095 -20.0725
67.593 -20.3689
67.7679 -20.28
67.8967 -20.469
68.2125 -20.2907
68.5592 -20.7119
68.2768 -20.8777
68.6529 -21.4495
69.2017 -22.0877
68.7967 -22.387
69.1621 -22.8305
69.5577 -23.3731
69.8497 -23.7087
69.4016 -24.0396
69.9393 -24.6785
69.5921 -24.9701
70.0896 -25.4825
69.9595 -25.6512
70.4086 -26.0604
70.6654 -25.9124
70.9943 -26.1873
71.1354 -26.0831
71.58 -26.4544
71.7166 -26.3857
72.0656 -26.656
72.0084 -26.7182
72.9202 -27.5728
73.1227 -27.4458
73.3995 -27.655
73.5342 -27.5698
74.4058 -28.3173
74.1922 -28.5413
74.994 -29.2645
74.9376 -29.3284
75.5539 -29.8394
75.3641 -30.0058
75.5149 -30.1176
75.3926 -30.2401
76.2045 -30.9057
76.1481 -30.9704
76.6894 -31.4649
76.3948 -31.7191
78.0858 -33.1942
77.3518 -33.8383
78.4879 -34.8067
78.4423 -34.8423
78.8035 -35.1612
78.2011 -35.6831
79.1839 -36.5109
78.0213 -37.4829
78.7061 -38.0006
78.1815 -38.3932
78.5293 -38.6592
78.0731 -39.0049
78.3839 -39.262
78.0024 -39.5385
78.4254 -39.9049
77.8245 -40.326
78.4837 -40.8664
78.6586 -40.8722
79.99 -41.8919
80.9315 -41.1299
83.439 -42.8896
85.8592 -40.8341
88.0599 -41.9974
88.4884 -41.6859
95.0405 -44.6195
94.9257 -44.8053
96.6975 -45.4707
95.842 -46.5203
99.6243 -47.9781
100.202 -47.2665
106.554 -49.1009
106.692 -48.8414
108.285 -49.1823
108.24 -49.2587
110.472 -49.779
110.868 -49.8289
111.129 -49.8004
111.666 -50.0838
112.967 -50.2004
114.024 -50.3877
114.362 -49.8778
115.5 -49.9743
115.988 -49.8517
116.256 -49.5404
116.635 -49.2709
118.194 -49.8648
118.547 -49.8017
119.366 -49.9384
120.273 -50.036
120.842 -48.8896
121.555 -49.0056
121.437 -49.6202
122.224 -49.8462
122.553 -49.8116
122.797 -49.7286
123.013 -49.5424
123.328 -49.5847
124.007 -48.9058
124.213 -48.8476
124.607 -48.9835
124.992 -49.1528
125.262 -49.5983
125.896 -49.7171
126.264 -49.0443
126.434 -48.6297
127.313 -48.7639
127.143 -49.9761
128.312 -50.1592
131.256 -50.6037
131.515 -50.2222
132.261 -50.2228
135.026 -50.3842
135.246 -50.2093
136.226 -50.2476
136.946 -50.2204
138.401 -50.2311
139.645 -50.2794
139.813 -51.8376
140.323 -51.7983
140.659 -53.8854
142.25 -54.2149
143.778 -54.2343
144.282 -54.7985
146.881 -54.6953
147.902 -57.5662
148.806 -57.4358
150.006 -59.5704
150.733 -59.4753
151.29 -60.4126
153.639 -59.9299
156.457 -62.9143
160.865 -61.5586
161.228 -61.4567
160.74 -61.0526
160.327 -60.5039
159.803 -60.0055
159.413 -59.7316
158.972 -59.3046
158.267 -58.7792
157.92 -58.3342
157.62 -57.7835
157.64 -57.2302
157.703 -56.9918
157.944 -56.4385
158.153 -56.1647
158.465 -55.5216
158.674 -54.6894
159.216 -53.6195
159.318 -53.598
159.512 -53.3452
160.092 -52.8217
160.342 -52.6336
160.762 -52.1656
161.368 -51.5421
161.716 -51.1921
162.273 -50.8174
162.594 -50.5495
162.963 -50.3688
163.235 -50.0787
163.412 -49.8466
163.545 -49.5732
163.74 -49.3222
163.964 -48.9171
164.13 -48.7417
164.215 -48.5916
164.309 -48.2738
164.389 -48.202
164.398 -48.0593
164.483 -47.9197
164.48 -47.7595
164.699 -47.4439
164.739 -47.2562
164.923 -47.0108
164.943 -46.783
165.021 -46.6013
165.168 -46.4052
165.427 -46.1898
165.733 -46.0648
166.019 -45.8872
166.205 -45.7364
166.537 -45.3502
167.1 -44.8262
167.368 -44.6478
167.688 -44.466
168.488 -44.166
170.638 -43.0879
170.995 -42.9318
171.277 -42.743
171.473 -42.6755
173.724 -42.2908
174.304 -42.2013
175.503 -42.0593
174.945 -41.7569
174.763 -41.5656
174.632 -41.1571
175.012 -40.9786
175.324 -40.7906
175.868 -40.3108
176.074 -40.0461
175.609 -39.2297
176.77 -37.485
178.681 -34.7863
179.657 -33.0187
179.89 -15.6538
179.332 -15.7295
178.562 -15.8973
178.491 -16.0924
178.171 -16.1151
177.876 -16.2224
177.4 -16.2119
177.345 -16.3016
177.414 -16.3005
177.412 -16.5099
177.13 -16.5049
176.883 -16.5435
176.377 -16.569
176.184 -16.5521
176.148 -16.8158
176.036 -17.2389
175.973 -17.8043
176.336 -17.8227
176.342 -18.0384
176.215 -18.3189
176.212 -18.6107
176.061 -18.8945
175.922 -19.0798
175.885 -19.3274
175.839 -19.4451
175.772 -19.5471
175.559 -19.7548
175.59 -20.1887
176.121 -21.1655
174.584 -22.1704
174.034 -22.4881
173.606 -22.835
173.212 -22.8339
173.04 -23.0068
172.439 -23.1781
171.703 -23.1464
171.288 -23.0724
170.66 -22.8838
170.109 -22.5873
169.719 -22.2298
169.32 -21.9092
169.288 -21.8225
168.705 -21.0162
168.16 -20.0031
168.003 -19.769
167.727 -19.2356
167.68 -19.0477
167.521 -18.7118
167.455 -18.3601
167.155 -17.3074
166.868 -16.9866
166.81 -16.8363
166.604 -16.538
166.506 -16.3
166.285 -15.8875
166.227 -15.6737
166.193 -15.3454
166.228 -15.1296
166.262 -14.8885
166.271 -14.6859
166.234 -14.1805
166.132 -13.6763
165.952 -13.0721
165.838 -12.5171
165.715 -12.1266
165.514 -11.6864
165.252 -11.4113
165.07 -11.2869
164.901 -11.2002
164.641 -11.1143
164.409 -11.0913
163.311 -11.2647
162.484 -11.4208
162.109 -11.4345
161.901 -11.3968
161.72 -11.3209
161.202 -11.1685
161.125 -11.1304
160.996 -11.0287
160.725 -10.787
159.978 -10.3149
159.708 -10.1739
159.285 -9.8797
159.068 -9.688
158.85 -9.585
158.478 -9.4806
158.273 -9.3901
157.916 -9.1586
157.724 -9.068
157.419 -8.9002
157.177 -8.7456
156.706 -8.5629
156.467 -8.3819
156.296 -8.174
156.428 -9.1788
156.101 -9.2685
156.124 -9.3814
156.066 -9.4052
156.086 -9.5384
155.813 -9.5715
155.797 -9.5265
155.599 -9.5807
155.577 -9.5307
155.473 -9.568
155.436 -9.493
155.172 -9.6214
155.172 -9.7299
155.07 -9.7949
154.856 -9.839
154.849 -9.723
154.218 -9.9126
154.219 -10.2792
154.169 -10.323
154.01 -10.3407
153.847 -10.3254
153.362 -10.3981
152.855 -10.3844
152.849 -10.0881
152.223 -10.039
152.214 -9.9453
152.024 -9.942
151.838 -9.9056
151.834 -9.7611
151.654 -9.76
151.545 -9.6759
150.466 -9.6869
150.245 -9.9453
149.676 -9.8009
149.133 -9.3526
148.751 -9.5697
148.207 -9.2118
146.954 -8.5983
146.918 -8.4104
145.666 -7.6609
144.74 -7.0234
144.136 -6.8131
142.231 -5.9864
141.483 -5.7274
140.798 -5.1096
139.731 -4.7513
138.959 -4.5478
138.01 -4.3368
137.177 -4.2212
136.167 -4.1771
135.459 -4.2182
134.966 -4.298
134.488 -4.4373
133.906 -4.812
133.449 -5.3443
133.982 -5.6406
133.686 -6.3477
132.689 -6.681
131.867 -7.6612
131.415 -8.2675
130.933 -8.5625
130.54 -8.7256
129.861 -8.9262
127.9 -9.1331
127.43 -9.2208
126.853 -9.3898
125.869 -9.784
124.734 -10.39
123.96 -10.7081
123.217 -10.9948
122.627 -11.1878
121.783 -11.4118
121.11 -11.4927
120.451 -11.5238
119.27 -11.3932
118.75 -11.3621
118.236 -11.3869
117.576 -11.3372
116.853 -11.331
114.41 -11.0882
112.563 -10.758
112.17 -10.652
111.523 -10.5772
111.015 -10.4773
110.615 -10.4773
109.067 -10.3276
107.836 -10.0528
106.827 -9.6652
104.981 -8.5688
104.576 -8.1666
103.183 -7.6214
102.452 -7.1972
101.346 -5.983
100.791 -5.3049
100.359 -4.6559
99.3699 -3.3115
98.8744 -2.665
98.3013 -2.0213
97.7695 -1.2471
96.6703 0.7587
96.0886 1.4873
95.5419 1.8818
94.9794 2.1041
93.8517 0.8818
89.8247 -0.7833
89.0359 -1.5739
88.62 -2.9689
87.2245 -4.0878
85.7786 -3.3442
84.1947 -3.017
82.3298 -3.8482
81.072 -4.2128
79.6759 -4.5728
78.606 -4.9317
77.3555 -5.0547
76.2028 -5.0383
74.8331 -4.5139
73.8831 -4.3074
73.7697 -4.9265
73.7043 -5.7781
73.544 -6.1906
73.3917 -7.0389
72.8839 -7.0384
71.8341 -6.6959
70.7856 -6.5024
69.8059 -6.4446
69.0074 -6.5384
68.2738 -6.8109
> AU Australia 0/0/255
-179.74 -31.751
-179.515 -31.3328
-179.393 -30.9968
-179.074 -29.7924
-178.482 -27.9855
-178.017 -26.7672
-177.793 -25.9755
-177.657 -25.1971
-177.419 -24.1051
-177.25 -23.7079
-176.748 -22.7345
-176.691 -22.2864
-176.635 -22.2314
-176.601 -22.0074
-176.405 -21.4874
-176.19 -20.655
-176.152 -20.2647
-176.116 -20.1289
-176.182 -20.1056
-176.027 -19.6508
-175.979 -19.3865
-176.549 -19.2174
-176.587 -18.8364
-176.551 -18.6855
-176.33 -18.2666
-176.304 -18.0551
-176.713 -17.2194
-176.921 -16.8772
-177.201 -16.5746
-177.678 -16.1769
-177.634 -16.0236
-177.248 -15.7096
-177.13 -15.5594
-177.691 -15.3981
-178.264 -15.3255
-178.812 -15.3773
-179.444 -15.5268
-179.739 -15.5422
> PA Pacific 255/0/255
161.228 -61.4567
161.975 -61.763
163.202 -62.6599
165.103 -62.0772
166.858 -63.2206
169.238 -62.4461
171.009 -63.4473
172.164 -64.0974
173.631 -64.7379
175.582 -63.984
177.889 -64.9749
179.963 -65.7385
179.688 50.5055
177.68 50.6976
175.571 51.1082
174.219 51.403
172.964 51.6839
171.847 52.0259
168.836 53.2079
168.188 53.5694
167.413 53.906
166.407 54.2367
165.771 54.5884
164.066 55.2092
163.282 54.3468
162.458 53.0032
161.584 52.654
160.945 52.1588
160.599 51.4877
159.174 50.1545
158.121 49.5524
157.024 48.6594
155.141 47.2632
153.528 45.8973
151.419 44.704
146.69 42.3623
145.71 41.788
144.454 40.847
144.479 40.5494
144.283 40.0672
144.189 39.1233
143.843 37.7097
143.275 36.6488
143.02 36.3393
142.761 36.1878
142.555 35.9438
142.46 35.673
142.17 35.2168
142.067 35.1636
141.883 34.2127
141.858 33.7039
142.012 33.2525
141.994 32.5576
142.099 31.9825
142.224 30.711
142.473 30.1282
142.507 29.6208
142.748 28.9754
143.002 28.5187
143.172 27.9407
143.243 27.4633
143.231 26.3289
143.075 25.6124
143.096 24.9092
144.022 23.7644
144.706 23.2501
145.292 22.7123
146.062 22.2015
146.545 21.7298
146.822 21.3306
147.46 19.7452
147.82 18.6465
147.856 17.2831
147.684 15.653
147.201 14.2158
146.752 13.3632
145.691 12.6466
145.349 12.3141
145.024 12.2112
143.503 11.4936
143.097 11.5689
142.961 11.4031
142.122 11.2852
141.608 11.0581
140.772 10.8578
140.1 10.9459
139.483 10.9006
138.813 11.1214
138.574 9.9526
138.359 9.3786
139.192 9.0649
140.579 8.6664
141.517 8.118
142.262 7.6108
143.07 7.1658
143.558 6.8053
144.026 6.677
144.664 6.611
145.067 6.5035
146.001 6.1602
146.382 5.883
147.772 4.3926
148.191 3.7756
148.694 3.1366
148.668 2.6293
148.7 1.4874
148.863 0.9366
149.112 0.4063
149.27 -0.6502
149.769 -1.0045
150.023 -1.0214
151.089 -1.3083
151.816 -1.6456
152.578 -2.1341
153.119 -2.2003
153.542 -2.6039
153.711 -2.6876
154.035 -3.3268
154.256 -3.6121
154.359 -3.9484
154.955 -4.5503
154.978 -5.2401
154.592 -5.5805
154.533 -6.4232
154.927 -7.2928
155.454 -7.4888
155.812 -7.706
156.047 -7.8838
156.467 -8.3819
156.706 -8.5629
157.177 -8.7456
158.273 -9.3901
159.068 -9.688
159.708 -10.1739
160.725 -10.787
161.202 -11.1685
162.109 -11.4345
162.484 -11.4208
164.409 -11.0913
164.641 -11.1143
165.07 -11.2869
165.396 -11.5487
165.621 -11.8875
165.838 -12.5171
166.154 -13.7794
168.159 -13.5147
168.596 -13.5142
168.577 -13.6024
169.234 -13.6507
169.231 -13.7995
169.739 -13.8236
169.739 -13.9535
170.638 -13.942
170.642 -14.0878
171.181 -14.0834
171.295 -14.0659
171.296 -13.7934
171.972 -13.6778
172.434 -13.4349
172.571 -13.4106
173.049 -13.4895
173.671 -13.5168
173.941 -13.2954
174.661 -13.4146
175.314 -13.2436
175.947 -13.4221
176.021 -13.6431
176.618 -13.7312
176.966 -13.8531
178.469 -14.5006
179.389 -14.975
179.838 -37.4758
179.569 -38.2045
179.215 -38.8885
178.792 -40.087
178.015 -41.1879
177.607 -41.4997
175.503 -42.0593
173.724 -42.2908
171.473 -42.6755
171.277 -42.743
170.995 -42.9318
168.488 -44.166
167.688 -44.466
167.368 -44.6478
167.1 -44.8262
166.019 -45.8872
165.427 -46.1898
165.168 -46.4052
164.943 -46.783
164.923 -47.0108
164.699 -47.4439
164.48 -47.7595
164.483 -47.9197
164.389 -48.202
164.215 -48.5916
163.235 -50.0787
162.963 -50.3688
162.594 -50.5495
161.716 -51.1921
160.342 -52.6336
159.512 -53.3452
159.318 -53.598
159.216 -53.6195
158.674 -54.6894
158.465 -55.5216
158.153 -56.1647
157.944 -56.4385
157.703 -56.9918
157.62 -57.7835
157.92 -58.3342
158.267 -58.7792
158.972 -59.3046
159.803 -60.0055
160.327 -60.5039
160.74 -61.0526
161.228 -61.4567
> PA Pacific 255/0/255
-179.197 -65.9859
-178.793 -66.1632
-177.926 -65.8623
-175.729 -65.1825
-174.418 -65.8352
-171.3 -64.3564
-170.043 -64.8585
-167.513 -63.106
-166.608 -62.49
-166.199 -62.6056
-163.921 -63.4667
-162.061 -62.3936
-160.43 -62.9233
-159.888 -62.5954
-158.703 -63.0044
-158.394 -62.7885
-156.717 -63.324
-156.022 -62.9525
-154.324 -61.7762
-154.181 -61.8361
-151.329 -59.4694
-150.382 -59.7176
-149.264 -58.8221
-148.276 -58.13
-147.692 -57.5547
-147.167 -57.6379
-146.681 -57.3076
-144.857 -55.7842
-140.325 -57.0528
-139.545 -56.2678
-139.191 -55.7249
-139.578 -55.6146
-137.89 -53.5679
-136.59 -53.9067
-136.18 -53.3957
-132.87 -54.2371
-130.059 -54.9314
-128.624 -55.3215
-127.231 -55.5654
-126.8 -55.0641
-126.197 -55.1382
-125.077 -55.4541
-123.442 -55.715
-121.862 -56.0262
-121.635 -55.8321
-120.663 -54.4098
-119.685 -54.6416
-118.581 -54.8185
-118.037 -53.6908
-117.661 -53.1241
-118.977 -52.8974
-118.422 -52.212
-117.225 -50.4178
-116.388 -49.3675
-113.875 -49.8489
-113.745 -49.3574
-112.426 -45.8544
-112.675 -45.8327
-112.216 -44.3811
-111.349 -42.2004
-110.954 -42.2487
-110.677 -40.1638
-110.391 -38.9858
-111.27 -38.9785
-111.268 -38.8776
-110.471 -36.4102
-110.739 -36.3578
-110.579 -35.8301
-110.895 -35.7967
-110.827 -35.0908
-112.187 -34.6742
-112.417 -34.5562
-112.562 -34.2996
-112.628 -33.9988
-112.604 -33.6626
-112.504 -33.6498
-112.46 -33.3989
-112.415 -32.4889
-112.356 -32.3278
-112.151 -32.3426
-112.065 -32.1144
-112.023 -31.5362
-111.951 -31.0446
-111.797 -30.4248
-111.749 -29.5788
-111.806 -29.2656
-112.956 -29.0088
-113.02 -28.7872
-113.01 -28.3829
-112.934 -28.3794
-112.971 -27.8495
-113.001 -27.6074
-113.133 -27.577
-113.112 -27.0143
-112.976 -26.8302
-113.944 -26.7897
-115.105 -26.604
-115.518 -26.2434
-116.028 -25.6738
-116.353 -25.4158
-116.49 -25.172
-116.099 -24.8475
-116.225 -24.5558
-116.184 -24.4583
-115.968 -24.3829
-115.912 -24.2418
-115.482 -24.1051
-115.402 -24.0174
-115.599 -23.4684
-115.254 -23.3975
-115.183 -23.237
-114.962 -23.1789
-114.875 -23.0396
-114.567 -23.0236
-114.498 -22.5426
-114.505 -22.1961
-114.421 -22.1145
-114.379 -21.627
-114.318 -21.5636
-114.087 -20.5993
-113.931 -20.5745
-113.796 -20.321
-113.498 -19.3006
-113.623 -19.2852
-113.364 -18.7766
-113.52 -18.7579
-113.264 -18.0081
-113.388 -17.9938
-113.174 -17.5384
-113.329 -17.5211
-113.117 -17.065
-113.241 -17.0515
-113.041 -16.6834
-113.165 -16.6703
-112.973 -16.3609
-113.066 -16.3513
-112.973 -15.7917
-112.766 -14.7038
-112.613 -14.718
-112.581 -14.0619
-112.439 -13.8646
-112.426 -13.3863
-111.266 -13.5413
-111.191 -13.3964
-111.007 -13.4108
-110.892 -12.7553
-111.077 -12.7417
-110.926 -11.9684
-110.675 -11.4724
-110.485 -11.3942
-110.447 -10.8224
-110.292 -10.8017
-110.218 -10.0804
-110.071 -9.6651
-109.857 -9.6766
-109.756 -8.9245
-108.32 -9.1448
-108.192 -8.357
-108.063 -8.2401
-107.88 -7.5141
-107.653 -7.1859
-107.607 -6.7592
-107.441 -6.3667
-106.95 -6.4428
-106.845 -6.0162
-106.752 -6.0188
-106.741 -5.6199
-106.587 -5.6238
-106.45 -5.0432
-106.253 -4.4939
-105.544 -4.5694
-105.38 -4.0785
-104.699 -4.1516
-104.539 -3.8444
-102.735 -4.0564
-102.571 -3.4347
-102.566 -2.9357
-102.754 -2.9339
-102.621 -1.9061
-102.402 -1.9075
-102.307 -1.5959
-102.462 -1.5327
-102.399 -1.2834
-102.524 -1.2828
-102.21 0.7063
-102.24 0.7128
-102.181 1.1343
-102.243 1.3486
-102.262 1.7516
-102.133 1.7784
-102.076 1.9715
-102.068 2.6353
-102.193 3.0722
-102.199 3.4582
-102.259 3.7507
-102.184 3.7775
-102.457 5.529
-102.659 7.1817
-102.961 8.3999
-104.229 8.34
-104.258 8.4557
-104.296 10.0171
-103.598 10.1232
-103.875 11.8723
-103.772 11.8904
-103.927 12.5868
-104.437 14.0698
-104.69 15.2745
-105.32 15.1076
-105.398 16.2605
-105.367 17.0308
-105.399 17.7679
-105.586 17.8808
-106.308 17.929
-106.244 18.5199
-107.002 18.6471
-108.233 19.1073
-108.198 19.2235
-108.896 19.5496
-108.903 19.6255
-109.45 20.0271
-109.215 20.3973
-109.187 20.4995
-109.285 20.5584
-109.261 20.6426
-108.809 21.2529
-108.977 21.347
-108.936 21.4513
-108.582 21.9047
-108.676 21.9596
-108.516 22.2011
-108.527 22.2769
-108.01 22.9857
-108.388 23.0822
-108.651 23.2413
-108.357 23.6135
-109.276 24.396
-109.062 24.6582
-110.007 25.3392
-109.806 25.5567
-110.778 26.2249
-110.68 26.3605
-111.506 26.9267
-111.373 27.1053
-111.569 27.2152
-111.382 27.4969
-112.321 28.1249
-113.087 28.7147
-113.339 28.9498
-113.281 29.0084
-113.969 29.6458
-113.758 29.8344
-114.041 30.1205
-113.807 30.3135
-114.439 31.0972
-114.118 31.3557
-114.522 31.786
-115.33 32.4183
-115.212 32.5118
-115.581 32.876
-115.508 32.9581
-115.717 33.1297
-115.596 33.2366
-115.773 33.4211
-116.209 33.7711
-116.66 34.0424
-117.159 34.1811
-118.072 34.5641
-119.329 34.9812
-119.936 35.4502
-121.305 36.6983
-122.38 37.527
-123.305 38.5406
-124.416 40.3107
-127.579 40.45
-127.579 40.5385
-127.717 40.5726
-127.56 41.5888
-127.446 41.5551
-127.401 41.6405
-127.241 41.6921
-127.039 42.357
-126.627 43.0136
-130.48 44.5892
-130.367 44.9295
-130.069 45.2854
-130.187 45.414
-129.869 45.896
-130.073 45.9427
-130.051 46.1958
-129.917 46.2291
-129.803 46.4332
-129.572 46.4015
-128.938 47.727
-129.19 47.8354
-128.94 48.3236
-129.147 48.476
-128.919 48.8687
-130.501 49.4794
-130.162 49.9827
-130.3 50.0554
-130.162 50.2172
-130.329 50.2979
-130.254 50.4647
-131.074 51.1851
-130.85 51.6121
-132.714 53.127
-133.093 53.5217
-133.84 54.3774
-134.151 54.8122
-135.18 55.8186
-135.903 56.621
-137.107 58.4379
-137.819 58.9251
-138.86 59.7619
-139.396 60.0897
-140.128 60.3809
-141.074 60.3099
-141.598 60.4009
-142.405 60.465
-144.316 59.9182
-144.977 59.5759
-145.756 59.2735
-146.759 58.3521
-147.449 57.8319
-148.257 57.3469
-149.22 56.9251
-150.081 56.6229
-152.227 56.0583
-153.164 55.6104
-155.239 54.7845
-156.138 54.5272
-157.986 54.1008
-159.344 53.8555
-162.413 53.3672
-166.819 52.2568
-170.159 51.4395
-171.634 51.1706
-173.328 50.9636
-175.629 50.7447
-176.223 50.5883
-177.088 50.496
-179.739 -15.5422
-179.444 -15.5268
-179.288 -14.9356
-179.048 -14.9275
-178.888 -14.2241
-178.768 -14.2304
-178.733 -13.9861
-177.746 -14.6461
-177.415 -14.7064
-176.346 -14.634
-175.865 -14.4781
-174.754 -14.3339
-174.083 -14.3791
-173.836 -14.5338
-173.407 -14.584
-173.13 -14.7848
-172.939 -14.8669
-172.602 -15.1514
-172.428 -15.3734
-172.355 -15.5611
-172.3 -16.041
-172.311 -16.7157
-172.374 -17.2706
-172.445 -17.6766
-173.053 -19.7788
-173.703 -21.2476
-173.952 -21.9153
-174.985 -23.7499
-175.102 -24.0701
-175.209 -24.4719
-175.297 -25.4257
-175.415 -26.0248
-175.4 -26.8569
-175.545 -27.318
-175.785 -27.7843
-176.153 -29.4691
-176.69 -30.6779
-177.301 -31.7932
-177.538 -31.9574
-177.649 -32.2028
-177.666 -32.6959
-177.81 -33.1908
-177.981 -33.5795
-178.208 -33.8459
-178.294 -34.2413
-178.539 -34.7058
-178.641 -35.0218
-179.044 -35.5423
-179.371 -36.179
-179.811 -36.793
> NU Nubia 255/0/0
-0.4379 -54.8518
0.4432 -54.4512
0.9645 -54.8322
3.0254 -53.6507
4.4146 -54.4303
4.8266 -54.1616
5.4947 -54.5429
6.6254 -53.8142
7.7724 -54.396
9.9931 -52.7923
10.9748 -53.332
12.8951 -51.9629
13.7876 -52.4769
14.4633 -51.9971
15.1124 -52.3075
15.8223 -51.787
18.5374 -52.7343
18.7125 -52.5529
19.9938 -52.8167
23.0753 -53.0977
23.0214 -53.2004
24.6851 -53.4215
24.8726 -53.3453
25.1797 -53.4441
25.6475 -53.41
25.9869 -53.5818
26.7131 -52.378
27.3221 -52.5472
27.4795 -52.7708
28.1108 -52.9037
28.6054 -51.7716
29.7115 -49.9335
30.3617 -49.2155
30.7046 -49.0106
31.8654 -47.2011
32.1258 -46.9998
37.5615 -36.9837
28.9215 -30.6352
27.7693 -29.0596
26.594 -28.1868
26.5964 -26.768
27.9054 -26.1765
27.489 -24.4042
29.2895 -22.4908
33.1098 -21.3438
33.2818 -19.6806
34.5989 -18.3559
35.2001 -17.9755
35.1989 -16.8333
34.6043 -15.8337
34.8525 -14.5491
34.0714 -13.1674
34.1717 -12.4064
34.7091 -11.0274
34.0806 -10.4552
33.5557 -8.7406
32.6426 -8.5458
31.5917 -7.7779
30.4927 -7.483
29.5996 -6.0989
29.6085 -5.1513
28.9529 -3.9623
28.8677 -2.3055
29.392 -1.3131
29.8673 0.0604
30.6247 1.4366
31.6199 2.4834
30.4783 2.8121
30.4713 4.2353
31.2793 4.4771
32.2271 5.7171
36.2897 5.0087
36.9136 5.9584
37.5829 5.9557
38.115 6.9985
40.1074 9.4464
40.7921 10.1462
41.4423 11.3169
42.0332 11.5772
41.6487 12.189
41.2055 11.8107
40.0912 13.2094
40.614 13.7417
39.7767 15.1377
39.6707 15.7716
40.1716 16.304
40.3313 17.2662
39.9867 17.9494
39.5899 18.4193
39.2978 19.0298
38.3957 19.9075
38.0745 20.3891
37.8253 21.8434
37.5398 22.4945
37.0425 23.2259
36.5711 23.6392
35.8888 25.4844
34.547 27.2619
34.2569 27.8853
35.1417 30.7025
35.4701 32.0035
35.7262 33.7097
36.3249 34.4818
36.4134 36.0232
33.7354 34.3017
33.1007 34.2903
32.1719 34.4871
30.2208 35.1543
29.7309 35.4273
29.3451 35.4249
28.7789 35.3116
27.6845 34.706
27.2265 34.3347
26.4653 34.1983
24.5928 34.3397
23.8739 34.6283
22.8662 35.4367
21.8932 35.9334
21.3266 36.6289
20.7603 37.0983
20.3001 37.8039
20.0 37.9075
19.5844 38.2716
17.9599 39.1696
18.0857 38.7941
18.0307 38.5162
17.8447 38.4615
17.4195 37.7008
17.1676 37.5026
16.2365 37.3088
15.3751 37.3401
15.3444 37.6152
15.6387 38.2993
15.4993 38.4014
15.1752 38.2924
14.5145 38.7653
13.8115 38.625
12.7076 38.6004
12.4335 38.8487
11.7777 38.9344
11.1176 39.0672
10.0893 38.5717
8.9421 38.2117
8.2652 37.4675
7.8046 37.3582
6.784 37.3219
5.9738 37.154
3.4536 36.8509
0.667 36.0723
-0.7478 35.7757
-1.5162 35.7709
-2.5729 36.1053
-2.8933 36.0184
-3.7494 35.5962
-3.7819 35.0136
-4.0564 34.1993
-5.3966 33.985
-5.808 34.0191
-6.0002 34.2634
-6.0637 34.7839
-8.0312 35.6675
-9.9769 36.6514
-10.9233 36.0984
-11.5854 35.8512
-13.6754 37.395
-15.1427 37.0206
-15.3865 37.2117
-17.5843 37.5034
-18.1244 37.4657
-19.6823 37.0251
-23.5697 36.6459
-24.3111 36.7925
-24.7495 37.2174
-24.6669 37.411
-24.8164 37.5328
-25.2671 37.7692
-25.3547 37.6633
-25.5384 37.8181
-25.6332 37.7225
-25.8081 37.8783
-25.9162 37.8386
-26.718 38.4202
-26.8299 38.2782
-27.2394 38.7796
-27.4844 38.7824
-27.7933 38.9998
-28.2919 38.9394
-28.4836 39.1558
-28.8946 39.412
-29.2603 39.2502
-29.9091 39.3871
-30.4301 38.3883
-30.6055 38.4025
-31.0706 37.6802
-31.3713 37.7049
-31.5164 37.2823
-32.2826 37.3915
-32.3946 37.1369
-32.6456 37.1763
-32.7077 37.0333
-32.9431 37.0654
-33.0049 36.9159
-33.2246 36.9408
-33.3135 36.691
-33.5947 36.7422
-33.7717 36.185
-33.9816 36.2212
-34.1424 36.0794
-34.4595 35.6246
-34.7464 35.0102
-36.3731 35.2798
-36.6231 34.6929
-36.7846 34.7122
-36.8618 34.5542
-37.0461 34.5669
-37.3364 34.1362
-37.5328 33.7052
-37.6776 33.7362
-37.7975 33.5012
-39.3993 33.7676
-39.586 33.0673
-39.6999 33.0841
-40.5526 31.8025
-40.71 31.8173
-41.1836 31.1941
-41.4304 31.237
-42.1364 29.9733
-42.7286 30.0697
-43.0373 29.4714
-43.4828 28.8021
-43.5632 28.8108
-43.9423 28.1049
-44.0217 28.1069
-44.3831 27.2355
-44.5059 27.2538
-44.687 26.7668
-44.8989 26.0554
-45.0917 26.0814
-45.4988 25.1918
-45.7915 25.2542
-46.1188 24.5904
-46.4758 23.9174
-44.9245 23.6459
-45.2483 21.8064
-45.3853 21.8223
-45.5152 21.2465
-45.4187 21.2217
-45.557 20.5958
-45.7737 20.618
-46.0015 19.8227
-46.3182 18.4215
-46.3907 18.422
-46.5202 17.5883
-46.4072 17.5663
-46.5887 16.6067
-46.5287 16.5868
-46.7658 15.4506
-45.13 15.2673
-45.0614 13.9917
-45.0373 12.6799
-44.262 12.6256
-44.2775 12.1008
-43.8845 12.0854
-43.9206 10.927
-41.0871 10.7869
-41.0829 9.9794
-40.8615 9.9727
-40.8648 9.3894
-40.6402 9.3728
-40.6522 8.8406
-40.1196 8.8153
-40.1408 8.2154
-38.221 8.1395
-38.2065 7.7033
-36.8648 7.6543
-36.8514 7.4009
-36.0577 7.3634
-36.0469 7.0232
-35.3665 6.9349
-35.3629 6.6139
-33.6244 6.6176
-33.6203 6.1042
-33.5136 6.0762
-33.5068 5.6495
-32.978 5.6472
-32.8617 3.9604
-30.9625 4.0608
-30.7358 1.6427
-30.0269 1.6071
-29.9203 0.7974
-26.474 1.1592
-26.2887 0.4981
-25.0294 0.6141
-24.6117 -1.1033
-21.5437 -0.6802
-16.4982 0.2989
-16.2522 -0.5562
-16.0372 -0.5196
-15.8406 -1.1432
-15.5652 -1.0732
-15.4103 -1.4934
-13.158 -0.9153
-12.7014 -2.0991
-12.1641 -1.9454
-11.8336 -2.855
-12.0293 -3.0135
-11.7655 -3.972
-12.0968 -4.103
-12.0386 -4.5874
-12.1445 -4.6088
-12.0185 -5.0256
-11.6044 -4.9423
-11.5161 -5.415
-11.1669 -5.3771
-11.0222 -5.9302
-11.2671 -6.0202
-11.1805 -6.7554
-13.621 -7.3674
-13.3574 -8.4107
-13.1911 -8.374
-13.023 -9.2252
-13.2482 -9.2765
-13.1663 -9.7944
-13.3151 -9.8247
-13.0313 -11.4215
-15.0058 -11.8853
-14.791 -12.6562
-14.5501 -12.577
-14.4102 -13.2181
-14.5996 -13.2655
-14.4784 -14.2077
-13.6428 -14.0355
-13.2261 -15.6632
-13.3835 -15.6882
-13.2386 -16.2117
-14.3024 -16.4327
-14.2381 -16.7645
-14.3688 -16.777
-14.0786 -17.9946
-12.9598 -17.7898
-12.7593 -18.7845
-12.4772 -18.7465
-12.2626 -19.9353
-11.9446 -19.8248
-11.8522 -20.2784
-11.9708 -20.2991
-11.7632 -21.1759
-12.0066 -21.2091
-11.9359 -21.7522
-11.8192 -22.1534
-12.9102 -22.379
-12.8511 -22.6298
-13.8293 -22.8292
-13.6637 -23.5442
-13.5703 -23.5143
-13.2801 -24.7771
-13.8106 -24.8874
-13.6632 -25.648
-14.0485 -25.7376
-13.8156 -26.5856
-13.6896 -26.5644
-13.2716 -28.321
-12.7456 -28.2133
-12.5326 -28.9409
-13.9902 -29.251
-13.8201 -29.8515
-13.7159 -29.828
-13.3666 -31.1567
-13.4988 -31.1791
-13.2453 -32.1432
-14.5229 -32.4002
-14.3668 -33.4989
-14.7018 -33.5691
-14.5151 -34.0434
-15.2741 -34.2376
-15.0834 -34.6898
-15.2659 -34.7702
-15.1 -35.1824
-17.7032 -35.6633
-17.0847 -36.4724
-17.4404 -36.5623
-17.2335 -37.3744
-17.5331 -37.4724
-17.3878 -38.0251
-17.0505 -38.4467
-16.7985 -38.4012
-16.361 -38.5584
-16.0438 -38.8834
-15.9224 -39.6807
-16.4146 -39.79
-16.4698 -40.2729
-16.8674 -40.3663
-16.678 -41.5191
-16.3316 -41.8065
-16.2146 -42.3377
-16.4299 -42.8677
-15.5939 -45.4756
-14.894 -45.3714
-14.7155 -45.8985
-13.81 -45.7972
-13.3251 -47.5778
-10.4834 -47.1256
-9.7099 -49.216
-8.1391 -48.961
-7.6377 -50.0587
-7.4328 -50.0013
-7.1585 -50.6096
-5.1694 -50.2161
-4.2377 -52.0486
-3.9556 -51.9788
-2.3723 -54.3274
-1.3822 -54.0533
-0.4379 -54.8518
> AM Amuria 255/255/0
132.824 30.7544
132.965 30.9698
133.5 31.5152
134.042 31.8821
134.691 32.1997
137.03 33.0526
138.066 33.7495
138.383 34.059
138.508 34.5822
138.674 35.0337
138.421 35.36
138.121 36.0267
137.894 36.3109
137.854 36.5997
137.902 37.184
137.889 37.8556
137.848 38.4846
137.774 38.9816
137.845 39.4043
138.085 39.6594
138.655 40.0722
138.655 40.4744
138.756 40.7823
138.475 41.103
138.489 41.4818
138.743 41.7693
138.824 41.9955
138.801 43.1922
138.563 43.9389
138.577 44.2948
138.85 44.8113
139.038 45.4118
139.158 45.9466
139.37 46.224
139.938 46.5157
141.178 47.3923
142.878 48.7036
142.398 50.8574
142.849 53.3843
142.409 54.0349
140.145 54.1028
139.211 54.3328
136.61 54.8299
133.65 55.2726
131.688 55.7022
129.798 56.0127
125.499 57.1299
119.918 57.3159
116.382 56.6184
112.305 56.2954
110.924 56.2207
109.758 55.7616
109.0 54.8989
108.393 53.4009
104.42 51.4267
105.375 50.1433
105.781 48.4406
106.304 46.3182
107.205 43.6546
109.041 42.6365
109.693 42.07
112.287 40.6446
113.542 41.3993
115.235 40.9206
116.379 40.2675
117.638 39.8433
118.856 40.2608
120.848 41.0392
122.732 42.1878
123.51 41.5302
125.019 40.1999
125.723 38.3648
126.101 36.7175
126.128 35.6207
126.263 34.2521
123.364 31.4713
123.867 31.3257
125.03 31.1957
125.729 31.2017
127.054 31.273
128.258 31.4706
128.812 31.6013
129.442 31.7926
129.768 32.0417
130.835 31.9821
131.717 31.7606
132.824 30.7544
> CA Caribbe 255/0/255
-61.5534 18.9589
-62.8467 19.5743
-63.3598 19.6915
-65.1285 19.8329
-66.2594 19.8246
-68.8528 19.589
-69.9775 19.8015
-71.2771 20.2005
-72.3322 20.331
-73.2385 20.2913
-74.7486 20.0372
-75.7287 19.9419
-81.7541 18.8647
-81.6248 17.8016
-83.7058 17.4809
-84.2479 17.344
-84.9097 17.1066
-87.7228 16.2506
-88.351 15.9583
-88.8764 15.6222
-89.3716 15.215
-90.8103 13.3941
-90.898 12.5837
-90.2927 12.5426
-88.9197 11.9992
-88.319 11.6968
-87.4621 11.0959
-86.648 10.235
-85.969 10.4886
-85.4349 10.6269
-85.1238 10.6534
-84.7462 10.5933
-84.0727 10.4479
-83.4648 10.2088
-83.0213 9.8731
-82.5246 9.5994
-82.0802 9.4398
-81.6542 9.4443
-81.0792 9.9354
-80.3646 10.2712
-79.4321 10.4311
-79.2344 10.4145
-78.9698 10.5795
-78.7455 10.6534
-78.2289 10.6146
-77.6786 10.2696
-77.2914 9.8998
-76.9243 9.3759
-76.7653 9.0646
-76.684 8.7313
-76.7033 9.7614
-76.4559 10.3285
-76.0645 10.765
-75.905 11.0873
-75.6313 11.39
-75.1228 11.7645
-74.4764 12.0208
-74.3066 12.2243
-74.0577 12.3863
-73.8738 12.7431
-73.632 13.0583
-73.3032 13.2898
-72.9161 13.3675
-71.1949 13.5029
-70.6594 13.3101
-69.5944 12.4496
-68.3792 11.1736
-68.0865 10.8145
-67.9613 10.4995
-66.8695 10.6666
-65.9643 10.6528
-65.1209 10.5999
-64.997 10.5392
-64.5077 10.474
-63.8782 10.5316
-63.2327 10.5091
-60.9266 10.3949
-58.1571 10.1597
-57.7617 10.6345
-57.5326 11.1438
-57.4238 11.6612
-57.568 13.1016
-57.7906 14.4989
-57.9132 14.8642
-58.6661 15.4116
-58.6919 15.7703
-58.8011 15.9911
-58.824 16.397
-59.0883 16.9121
-59.819 17.5484
-60.5338 18.5131
-60.729 18.5946
-60.912 18.8885
-61.5534 18.9589
> EU Eurasia 0/255/0
-29.7698 39.3996
-29.335 39.315
-29.2971 39.2554
-29.2603 39.2502
-28.8946 39.412
-28.6863 39.2144
-28.6192 39.1208
-28.4836 39.1558
-28.2919 38.9394
-27.9546 39.0041
-27.7933 38.9998
-27.4844 38.7824
-27.2394 38.7796
-27.129 38.607
-26.8299 38.2782
-26.718 38.4202
-26.3021 38.0468
-26.1714 38.036
-25.9162 37.8386
-25.8081 37.8783
-25.6332 37.7225
-25.5384 37.8181
-25.3547 37.6633
-25.2671 37.7692
-25.1013 37.6463
-24.9835 37.6441
-24.8164 37.5328
-24.6669 37.411
-24.7495 37.2174
-24.6805 37.1267
-24.3111 36.7925
-24.1461 36.7885
-23.5697 36.6459
-22.216 36.7543
-20.7973 36.8809
-19.6823 37.0251
-18.618 37.307
-18.1244 37.4657
-17.5843 37.5034
-16.742 37.4354
-15.3865 37.2117
-15.1427 37.0206
-13.6754 37.395
-12.1424 36.3276
-11.5854 35.8512
-10.9233 36.0984
-9.9769 36.6514
-8.0312 35.6675
-6.7303 35.0633
-6.0637 34.7839
-6.0002 34.2634
-5.808 34.0191
-5.3966 33.985
-5.0723 34.0783
-4.7056 34.0681
-4.0564 34.1993
-3.7819 35.0136
-3.7494 35.5962
-3.2959 35.8577
-2.8933 36.0184
-2.5729 36.1053
-1.9917 35.8985
-1.5162 35.7709
-0.7478 35.7757
0.003 35.904
0.667 36.0723
1.2447 36.2823
1.9702 36.5026
3.4536 36.8509
5.142 37.0821
5.9738 37.154
6.784 37.3219
7.2152 37.3203
7.8046 37.3582
8.2652 37.4675
8.627 37.7896
8.9421 38.2117
9.2638 38.341
10.0893 38.5717
10.3732 38.685
10.6091 38.8209
10.8274 38.9939
11.1176 39.0672
11.3626 39.0748
11.6589 39.0327
11.7777 38.9344
12.0574 38.8781
12.4335 38.8487
12.7076 38.6004
13.8115 38.625
14.5145 38.7653
15.1752 38.2924
15.4993 38.4014
15.6387 38.2993
15.4207 37.8857
15.3444 37.6152
15.3751 37.3401
15.8319 37.2743
16.2365 37.3088
16.8237 37.3985
17.1676 37.5026
17.4195 37.7008
17.6117 37.9929
17.8447 38.4615
18.0307 38.5162
18.0857 38.7941
18.0621 39.0063
17.9599 39.1696
18.3644 38.9474
18.895 38.6942
19.5844 38.2716
20.0 37.9075
20.3001 37.8039
20.2819 38.1148
20.4374 38.4712
21.5822 38.4205
22.7272 38.2713
23.7866 39.7204
24.0022 39.9178
24.5595 40.0554
25.4165 40.1564
26.0097 40.3255
27.2559 40.7892
27.5677 40.64
27.9873 40.6176
29.0302 40.6861
30.0071 40.7682
30.7745 40.601
31.1161 40.6149
32.3925 40.8601
34.2864 41.1587
34.8317 41.1231
35.5272 41.0018
37.062 40.6003
38.7948 40.0091
39.2684 39.9087
39.892 39.7025
41.0015 39.0799
41.0262 38.8487
41.2363 38.6156
41.8391 38.3551
42.2891 38.2127
42.7973 37.9905
43.1758 37.685
43.6475 37.4066
44.0195 37.0984
44.3568 36.5716
44.6705 35.4581
45.0 34.5906
45.5052 33.8933
45.9177 33.3905
46.6076 32.8874
47.4107 32.4479
47.7702 32.3111
48.1702 32.3082
48.4892 32.2374
49.036 31.6214
49.4919 30.8016
50.4526 30.1031
51.0573 29.578
50.9981 29.0719
51.283 28.4873
51.912 27.9573
52.5038 27.5611
53.2406 27.1213
53.8601 26.7173
54.7283 26.6679
55.6618 26.9471
56.4233 27.3685
56.8753 27.3007
57.1214 25.5518
57.3454 24.7884
57.8316 24.4427
58.7157 24.3633
59.6026 24.3113
61.3646 24.122
61.9554 24.0869
62.5806 24.283
63.3656 24.2854
64.1615 24.3498
65.0282 24.3824
65.9578 24.8564
67.1044 25.4987
67.2681 25.9839
67.2478 27.0854
67.3322 27.9115
67.3421 28.4041
67.2397 28.5731
67.3011 29.7948
67.8492 30.0735
68.3105 29.878
68.6795 29.209
69.0855 29.0959
69.8806 29.2618
70.0995 29.8402
70.258 31.0057
69.9425 31.913
70.9421 32.9471
72.4591 34.6822
73.5933 33.6669
74.3142 33.1594
75.0894 32.8806
75.6749 32.1894
75.722 31.6333
76.521 31.1537
77.0067 30.7376
77.6407 30.558
78.0762 30.2261
78.4224 29.8869
78.9118 29.6776
79.1969 29.3934
79.7898 29.1428
80.2265 29.093
81.043 28.7902
81.361 28.4135
82.2004 28.1669
83.6667 27.5929
84.6491 27.3091
86.2515 27.0946
86.4809 26.7372
86.8204 26.6683
87.2186 27.022
87.745 26.9089
88.32 26.885
89.2821 27.0268
89.7724 26.8472
90.3294 26.937
91.258 27.0075
92.3047 27.0564
93.2334 27.1165
93.5704 27.1098
94.8287 27.9182
95.4657 28.1832
97.3484 28.0826
97.4711 27.7024
97.3465 27.2411
97.1304 26.8202
96.9056 26.2874
96.3104 25.1336
96.1173 24.4801
95.9691 23.7605
95.9093 23.015
95.9427 20.9001
96.0158 20.0399
96.2254 19.4119
96.3414 18.7048
96.4661 17.4351
96.4697 16.6438
96.4061 15.1355
96.4537 14.9093
96.4803 14.4
99.2098 14.4458
99.766 14.8381
100.832 16.0838
101.451 17.0663
102.615 17.6327
104.878 17.7305
110.512 17.7831
112.628 18.1207
114.0 18.4377
112.038 21.8307
107.681 23.4564
106.018 25.2383
105.419 26.3549
104.942 27.8784
105.399 28.7898
107.133 29.7132
110.806 30.8418
111.615 31.6603
111.651 32.8434
112.905 34.0833
113.599 34.8538
114.96 34.8277
117.284 32.9684
119.001 31.376
119.711 31.1994
121.027 31.581
123.364 31.4713
126.263 34.2521
126.128 35.6207
126.101 36.7175
125.723 38.3648
125.019 40.1999
122.732 42.1878
120.848 41.0392
118.856 40.2608
117.638 39.8433
116.379 40.2675
115.235 40.9206
113.542 41.3993
112.287 40.6446
109.693 42.07
109.041 42.6365
107.205 43.6546
106.304 46.3182
105.781 48.4406
105.375 50.1433
104.42 51.4267
108.393 53.4009
109.0 54.8989
109.758 55.7616
110.924 56.2207
112.305 56.2954
116.382 56.6184
119.918 57.3159
124.573 57.1781
125.499 57.1299
129.798 56.0127
131.688 55.7022
133.65 55.2726
136.61 54.8299
139.211 54.3328
140.145 54.1028
142.409 54.0349
141.451 56.1878
142.187 59.9484
146.963 61.8797
144.932 65.2865
143.731 66.3181
141.242 66.9794
139.381 67.9097
138.523 69.0423
136.758 69.9536
135.962 70.5295
135.595 70.6916
134.017 71.8654
132.483 72.6946
131.263 73.3715
130.2 74.0179
128.955 74.938
128.05 76.0501
127.181 77.2341
125.679 78.1326
125.188 78.9901
123.408 79.7593
119.984 81.5953
119.1 82.0874
117.755 82.2981
115.793 83.0141
113.723 83.5124
111.974 83.8238
108.939 84.1936
103.943 84.5785
99.4436 84.9108
95.8392 85.1018
88.4863 85.3456
81.1027 85.6388
78.4034 85.7682
72.9842 86.1063
68.2081 86.3058
69.7522 86.4724
66.301 86.6065
66.5438 86.6549
62.4625 86.7548
61.5056 86.8049
47.5235 86.6406
46.0625 86.5982
46.3137 86.5612
43.4795 86.4958
35.6067 86.1607
29.2294 85.8101
28.1433 85.8745
25.3828 85.8591
21.3426 85.7987
11.7036 85.1373
10.6588 85.067
9.8085 84.9579
8.9377 85.0094
8.1339 84.8982
6.6654 84.7622
4.5076 84.5702
4.0347 84.5969
2.2351 84.3435
-0.4691 83.9965
-1.2062 83.8642
-5.1542 83.2491
-6.2343 83.0004
-7.2124 82.8685
-5.8654 82.6912
-5.0098 82.5194
-3.6999 82.3281
-5.033 81.9128
-3.9091 81.6203
-4.6412 81.3697
-2.4141 81.1256
-3.3638 80.7922
-1.6839 80.6248
-2.3408 80.3704
-0.2507 80.1421
2.3776 79.7797
4.3903 79.5327
3.9007 79.228
3.4317 79.0302
7.7848 78.2347
7.7712 77.9112
7.88 77.7119
7.6223 76.9692
7.4804 76.279
7.6033 75.7289
7.9464 75.3817
8.6304 74.9462
9.1326 74.3772
9.2029 73.9795
9.0369 73.7585
8.6521 73.5335
7.7912 73.3712
7.391 73.2524
5.586 72.9243
2.781 72.4331
1.9906 72.3278
0.2811 72.0148
-1.7425 71.6851
-3.6923 71.398
-4.0724 71.4905
-4.7412 71.3332
-5.6985 71.5398
-5.9171 71.4646
-6.8999 71.2816
-7.3747 71.1248
-11.3695 71.7744
-12.3591 71.2522
-11.3563 71.0519
-12.2549 70.563
-12.9046 70.6977
-13.3957 70.7716
-13.8924 70.8158
-14.4479 70.3539
-14.7339 70.3891
-15.4245 69.8397
-16.4874 68.8084
-17.1537 68.8649
-17.8291 68.3998
-18.2203 68.0662
-19.0988 67.0581
-18.118 66.9337
-18.2473 66.7807
-17.4735 66.6852
-17.7178 66.3645
-16.5068 66.203
-17.025 65.3793
-17.141 64.9952
-17.3675 64.7367
-17.8218 64.4892
-18.6261 64.1823
-19.2377 63.8625
-21.2976 64.0672
-22.872 63.7673
-23.0586 63.6498
-23.3303 63.6508
-24.0095 63.3551
-24.8881 62.9238
-25.3112 62.6137
-25.4487 62.62
-26.1072 62.2373
-26.5265 61.9392
-27.0316 61.6654
-27.5817 61.2519
-28.6416 60.5661
-28.9266 60.3334
-29.0285 60.3399
-29.6362 59.8678
-30.0429 59.6182
-30.4527 59.2383
-30.7911 58.9408
-30.977 58.9759
-31.0392 58.8923
-31.178 58.8048
-31.556 58.4466
-31.7451 58.4683
-31.7996 58.3967
-32.2805 57.9979
-32.4724 58.0062
-32.4918 57.9566
-32.6188 57.88
-32.8065 57.6422
-32.9177 57.6671
-33.2031 57.2849
-33.4966 57.2643
-33.5871 56.8745
-33.9781 56.9019
-34.0724 56.7388
-34.2185 56.7462
-34.346 56.502
-34.4402 56.4985
-34.5583 56.0608
-34.6376 55.8119
-34.8774 55.8485
-34.9717 55.6909
-35.3386 54.9959
-35.212 54.9707
-35.2739 54.9127
-35.289 54.786
-35.3651 54.6781
-35.4878 54.3313
-35.121 54.3076
-35.4517 53.5459
-35.2457 53.5121
-35.3248 53.238
-35.1828 53.2105
-35.1376 52.7051
-33.0204 52.6151
-31.866 52.5038
-31.2573 52.4197
-31.2684 52.1089
-30.8074 52.0945
-30.0262 52.0297
-29.9815 50.9898
-29.8746 50.7897
-29.1982 50.2206
-29.0217 50.1515
-28.96 49.9047
-28.8181 49.657
-28.5619 49.6386
-28.4262 49.2858
-28.2631 49.0987
-28.0868 48.8034
-28.0108 48.605
-27.8895 48.6089
-27.7602 48.5848
-27.7036 48.205
-27.6536 48.09
-27.5644 47.6508
-27.4635 47.6578
-27.448 47.602
-27.4741 47.264
-27.3336 46.999
-27.3775 46.7568
-27.436 46.7551
-27.4893 46.3037
-27.512 46.2027
-27.5649 46.2131
-27.602 45.983
-27.6773 45.9846
-27.6994 45.8835
-27.7394 45.8782
-27.7592 45.8293
-27.8246 45.5259
-27.877 45.5362
-27.8714 45.4561
-27.9236 45.4663
-27.9374 45.3373
-27.9721 45.3441
-27.9945 45.0983
-28.0763 45.1274
-28.1575 44.9196
-28.1057 44.9094
-28.1421 44.8639
-28.3666 44.1843
-28.4349 44.1976
-28.5237 43.768
-28.7964 43.7684
-29.1736 43.0796
-29.3168 43.0807
-29.3715 42.724
-29.3214 42.7145
-29.3177 42.6744
-29.4347 42.2905
-29.2226 42.2891
-29.2606 41.9294
-29.1616 41.9101
-29.206 41.6828
-29.3223 41.2467
-29.2286 41.2153
-29.256 40.9847
-29.2999 40.705
-29.346 40.5699
-29.5605 40.5987
-29.577 40.5495
-29.5695 40.4695
-29.6313 40.2851
-29.6565 40.1068
-29.5881 40.1065
-29.5802 40.0788
-29.6127 40.0328
-29.7698 39.3996
> AR Arabia 255/255/0
65.0282 24.3824
63.3656 24.2854
62.5806 24.283
61.9554 24.0869
57.8316 24.4427
57.3454 24.7884
57.1214 25.5518
56.8753 27.3007
56.4233 27.3685
55.6618 26.9471
54.7283 26.6679
53.8601 26.7173
52.5038 27.5611
51.912 27.9573
51.283 28.4873
50.9981 29.0719
51.0573 29.578
50.4526 30.1031
49.4919 30.8016
49.036 31.6214
48.4892 32.2374
48.1702 32.3082
47.7702 32.3111
47.4107 32.4479
46.6076 32.8874
45.9177 33.3905
45.0 34.5906
44.6705 35.4581
44.3568 36.5716
44.0195 37.0984
43.1758 37.685
42.7973 37.9905
41.2363 38.6156
41.0262 38.8487
41.0015 39.0799
40.6242 38.8568
40.1627 38.7681
38.8565 38.3141
38.0417 37.9941
36.7895 37.3979
36.4665 36.7303
36.3892 36.2596
36.4315 35.7522
36.3249 34.4818
35.7262 33.7097
35.4701 32.0035
35.1417 30.7025
34.9519 30.0
34.2569 27.8853
34.547 27.2619
35.8888 25.4844
36.5711 23.6392
37.0425 23.2259
37.5398 22.4945
37.8253 21.8434
38.0745 20.3891
38.3957 19.9075
38.8261 19.4475
39.2978 19.0298
39.5899 18.4193
39.9867 17.9494
40.3313 17.2662
40.1716 16.304
39.6707 15.7716
39.7767 15.1377
40.614 13.7417
40.0912 13.2094
40.5071 12.5998
41.2055 11.8107
41.6487 12.189
42.0332 11.5772
43.6495 12.0127
45.2811 11.9983
45.3277 12.0525
45.5218 11.9829
45.6372 12.1586
46.1097 12.0581
46.1976 12.1724
46.429 12.0875
46.5789 12.2921
46.8487 12.2108
46.9923 12.403
47.1303 12.3587
47.1613 12.463
47.5389 12.3687
47.6494 12.5185
47.9014 12.4611
48.0479 12.671
48.3487 12.5726
48.4479 12.7289
48.6992 12.6576
48.882 12.9084
49.2784 12.8019
49.4721 13.0078
49.68 13.3128
50.1673 13.1225
50.3102 13.3125
50.573 13.2181
50.6615 13.3618
51.2532 13.1223
52.1389 14.6887
52.6672 14.5615
52.737 14.6813
53.8625 14.3509
54.0687 14.7722
54.4505 14.621
54.5489 14.8698
55.0473 14.7116
55.1084 14.8505
55.6312 14.6814
55.6685 14.7216
56.1791 14.6213
57.4762 14.662
57.9836 14.5994
58.2131 14.916
58.5892 14.646
59.0337 15.0876
59.4096 14.8951
59.9086 15.5721
60.0619 17.4577
60.2148 18.2397
60.9696 19.8127
61.4919 20.6443
62.0963 21.4249
62.1325 22.0828
64.2754 23.6936
65.0282 24.3824
> AT Anatolia 255/0/255
25.4165 40.1564
25.8605 39.7078
26.6101 39.298
27.6719 38.4991
28.1998 37.9645
28.278 37.757
28.2545 37.2689
28.7888 36.3607
29.7309 35.4273
30.2208 35.1543
31.7399 34.6341
32.1719 34.4871
33.1007 34.2903
33.7354 34.3017
35.7912 35.689
36.4134 36.0232
36.4665 36.7303
36.7895 37.3979
38.8565 38.3141
40.1627 38.7681
40.6242 38.8568
41.0015 39.0799
39.892 39.7025
38.7948 40.0091
36.1686 40.8487
34.8317 41.1231
34.2864 41.1587
31.1161 40.6149
30.7745 40.601
30.0071 40.7682
27.9873 40.6176
27.5677 40.64
27.2559 40.7892
26.0097 40.3255
25.4165 40.1564
> IN India 0/255/255
56.2652 14.6232
56.8188 14.3021
56.7616 14.2076
57.0372 14.0681
56.9688 13.9372
57.8096 13.4509
57.6392 13.1377
58.2392 12.7455
56.9192 9.9708
56.9775 9.8572
57.2606 9.6814
57.4906 9.9416
58.063 9.5324
58.0184 9.4501
58.2625 9.2926
58.1476 9.0898
58.4302 8.8626
58.2514 8.6469
58.9183 8.1669
59.3092 7.7682
59.2197 7.6731
60.1789 6.9508
60.0383 6.7669
61.6573 5.4897
61.5293 5.2616
63.0023 4.1081
62.8678 3.8929
63.3307 3.6307
63.3882 3.7002
63.8192 3.4821
63.8898 3.6022
64.6181 3.217
64.6822 3.299
65.2128 2.9208
65.489 3.2991
66.3795 2.752
65.9923 2.052
66.6728 1.6209
66.4925 1.3314
66.8698 1.068
66.6573 0.722
67.1594 0.3371
66.8392 -0.0388
67.2089 -0.3398
67.0231 -0.5779
67.662 -1.0396
67.3671 -1.44
67.9291 -1.913
67.7884 -2.0876
68.249 -2.5402
67.8921 -2.888
68.6672 -3.7707
68.3485 -4.1176
68.751 -4.5488
68.1985 -5.0419
68.6069 -5.4719
67.7823 -6.2593
68.2738 -6.8109
69.0074 -6.5384
69.8059 -6.4446
70.7856 -6.5024
72.8839 -7.0384
73.3917 -7.0389
73.7043 -5.7781
73.8831 -4.3074
74.8331 -4.5139
76.2028 -5.0383
78.606 -4.9317
82.3298 -3.8482
84.1947 -3.017
85.7786 -3.3442
87.2245 -4.0878
88.62 -2.9689
89.0359 -1.5739
89.8247 -0.7833
93.8517 0.8818
94.9794 2.1041
93.7535 3.0477
93.227 3.716
92.6651 5.0051
92.2781 6.9476
91.9032 7.6627
91.6511 8.6562
91.5334 9.6037
91.5907 11.3003
91.7 12.2832
92.0682 13.7149
93.3678 15.3526
94.2086 15.7702
95.0951 15.8126
95.9115 15.5345
96.4061 15.1355
96.4661 17.4351
96.2254 19.4119
96.0158 20.0399
95.9093 23.015
96.3104 25.1336
97.4711 27.7024
97.3484 28.0826
95.4657 28.1832
93.5704 27.1098
89.7724 26.8472
89.2821 27.0268
88.32 26.885
87.2186 27.022
86.8204 26.6683
86.4809 26.7372
86.2515 27.0946
84.6491 27.3091
83.6667 27.5929
81.361 28.4135
81.043 28.7902
79.1969 29.3934
78.9118 29.6776
77.6407 30.558
77.0067 30.7376
75.722 31.6333
75.6749 32.1894
75.0894 32.8806
74.3142 33.1594
72.4591 34.6822
69.9425 31.913
70.258 31.0057
70.0995 29.8402
69.8806 29.2618
69.0855 29.0959
68.6795 29.209
68.3105 29.878
67.8492 30.0735
67.3011 29.7948
67.2397 28.5731
67.2681 25.9839
67.1044 25.4987
65.0282 24.3824
62.1325 22.0828
62.0963 21.4249
60.9696 19.8127
60.2148 18.2397
59.9086 15.5721
59.4096 14.8951
59.0337 15.0876
58.5892 14.646
58.2131 14.916
57.9836 14.5994
56.2652 14.6232
> NZ Nazca 0/255/255
-109.259 -34.5446
-108.797 -35.1319
-107.343 -35.3445
-105.988 -35.4388
-98.4167 -36.1928
-97.4017 -36.2936
-97.4131 -36.871
-94.1298 -37.0006
-93.9963 -38.4823
-93.0748 -38.4294
-93.0225 -38.9673
-91.6579 -38.8656
-91.391 -41.1025
-90.0876 -41.0585
-90.054 -41.4319
-87.4171 -41.2729
-87.3364 -41.5213
-83.8269 -41.1247
-83.4475 -42.9815
-82.5089 -42.8607
-81.9346 -44.9641
-80.2811 -44.7819
-78.2065 -44.4111
-77.6607 -45.7605
-76.6746 -45.6427
-76.0062 -45.6585
-75.8214 -44.8494
-75.7824 -44.0506
-75.4017 -42.2845
-75.3922 -41.3666
-75.1889 -40.8628
-75.1495 -39.5644
-74.6548 -38.1376
-74.4416 -36.7249
-74.2617 -36.1653
-73.8974 -35.5777
-73.6755 -34.8876
-72.9375 -33.8369
-72.861 -33.3585
-72.889 -32.7419
-72.7622 -32.3188
-72.6181 -30.9652
-72.5546 -29.5357
-72.4332 -28.9014
-71.9578 -27.7547
-71.7525 -26.6522
-71.5243 -25.0928
-71.2495 -21.2622
-71.3623 -20.2491
-71.4865 -19.8112
-71.7465 -19.2981
-72.7366 -18.2567
-75.2923 -16.3302
-75.9163 -15.7355
-78.1476 -13.3872
-79.6181 -11.2906
-80.701 -9.434
-81.3747 -7.9884
-81.9541 -6.0026
-82.0098 -4.5035
-81.9258 -3.7213
-81.5989 -3.2445
-81.6519 -3.0002
-81.5318 -2.4374
-81.5985 -1.8138
-81.2294 -0.2845
-80.2917 1.5494
-78.6617 3.392
-78.3419 4.0659
-77.9101 5.5053
-78.008 6.0045
-78.1946 6.4611
-78.747 7.0306
-78.6463 7.3373
-79.2402 7.3011
-80.0958 7.1007
-80.687 7.4154
-81.3423 7.0993
-81.741 7.0605
-81.9436 6.9497
-82.2021 7.0408
-82.3385 7.2513
-82.7482 7.2834
-82.8748 7.3664
-82.875 3.5949
-82.8064 3.1179
-83.3779 3.1648
-84.4671 3.1123
-84.5667 2.5342
-84.5759 1.5981
-85.3494 1.6444
-85.3861 0.8318
-90.6632 1.1204
-90.6973 1.7362
-91.5608 1.8166
-91.5376 2.0112
-92.1183 1.9901
-92.0902 2.1998
-93.6107 2.3725
-95.1982 2.5069
-95.2241 2.2218
-96.1202 2.2378
-96.175 1.8728
-97.5851 1.8982
-97.5512 2.0884
-98.8886 2.2125
-98.9175 2.1122
-99.7389 2.2688
-100.047 2.2997
-100.066 2.207
-101.512 2.2323
-100.908 1.7435
-101.153 1.3858
-101.195 1.4231
-101.315 1.3501
-101.348 1.3991
-101.423 1.3382
-101.487 1.3889
-101.58 1.3177
-101.644 1.4038
-102.181 1.1343
-102.524 -1.2828
-102.399 -1.2834
-102.462 -1.5327
-102.307 -1.5959
-102.402 -1.9075
-102.621 -1.9061
-102.754 -2.9339
-102.566 -2.9357
-102.571 -3.4347
-102.735 -4.0564
-104.539 -3.8444
-104.699 -4.1516
-105.38 -4.0785
-105.544 -4.5694
-106.253 -4.4939
-106.587 -5.6238
-106.741 -5.6199
-106.752 -6.0188
-106.845 -6.0162
-106.95 -6.4428
-107.441 -6.3667
-107.607 -6.7592
-107.653 -7.1859
-107.88 -7.5141
-108.063 -8.2401
-108.192 -8.357
-108.32 -9.1448
-109.756 -8.9245
-109.857 -9.6766
-110.071 -9.6651
-110.218 -10.0804
-110.292 -10.8017
-110.447 -10.8224
-110.485 -11.3942
-110.675 -11.4724
-110.926 -11.9684
-111.077 -12.7417
-110.892 -12.7553
-111.007 -13.4108
-111.191 -13.3964
-111.266 -13.5413
-112.426 -13.3863
-112.439 -13.8646
-112.581 -14.0619
-112.613 -14.718
-112.766 -14.7038
-112.973 -15.7917
-113.066 -16.3513
-112.973 -16.3609
-113.165 -16.6703
-113.041 -16.6834
-113.241 -17.0515
-113.117 -17.065
-113.329 -17.5211
-113.174 -17.5384
-113.388 -17.9938
-113.264 -18.0081
-113.52 -18.7579
-113.364 -18.7766
-113.623 -19.2852
-113.498 -19.3006
-113.796 -20.321
-113.931 -20.5745
-114.087 -20.5993
-114.379 -21.627
-114.421 -22.1145
-113.61 -22.1264
-113.28 -22.2231
-112.208 -22.8209
-111.741 -23.2087
-111.871 -23.3267
-111.832 -23.7275
-111.713 -24.032
-112.098 -24.1104
-112.123 -24.2224
-111.978 -25.0266
-112.453 -25.0594
-112.364 -25.6637
-112.455 -25.786
-112.541 -25.7874
-112.55 -25.9259
-112.672 -26.0379
-112.684 -26.8009
-112.947 -26.7241
-113.112 -27.0143
-113.133 -27.577
-113.001 -27.6074
-112.934 -28.3794
-113.01 -28.3829
-113.02 -28.7872
-112.956 -29.0088
-111.806 -29.2656
-111.749 -29.5788
-111.797 -30.4248
-112.023 -31.5362
-111.202 -31.5638
-110.21 -31.9198
-109.791 -32.1152
-109.435 -32.4
-108.972 -32.9365
-109.41 -33.1401
-109.205 -33.7019
-109.259 -34.5446
> OK Okhotsk 0/255/255
141.883 34.2127
141.992 34.6663
142.067 35.1636
142.17 35.2168
142.325 35.5027
142.46 35.673
142.555 35.9438
142.761 36.1878
143.02 36.3393
143.275 36.6488
143.518 37.0594
143.843 37.7097
143.973 38.3585
144.189 39.1233
144.236 39.5572
144.225 39.7667
144.283 40.0672
144.479 40.5494
144.454 40.847
145.71 41.788
146.69 42.3623
147.345 42.6851
149.311 43.7205
150.339 44.1874
151.419 44.704
153.528 45.8973
154.195 46.44
155.141 47.2632
157.024 48.6594
158.121 49.5524
159.174 50.1545
159.877 50.8551
160.599 51.4877
160.945 52.1588
161.584 52.654
162.458 53.0032
162.79 53.6249
163.282 54.3468
164.066 55.2092
162.592 56.4203
164.93 58.8966
169.027 60.2932
170.743 61.7358
166.691 61.4138
163.345 61.2409
159.367 61.3222
156.717 61.4785
153.946 61.7209
144.932 65.2865
146.963 61.8797
142.187 59.9484
141.451 56.1878
142.409 54.0349
142.849 53.3843
142.398 50.8574
142.878 48.7036
141.178 47.3923
139.938 46.5157
139.37 46.224
139.158 45.9466
139.038 45.4118
138.85 44.8113
138.577 44.2948
138.563 43.9389
138.801 43.1922
138.824 41.9955
138.743 41.7693
138.489 41.4818
138.475 41.103
138.756 40.7823
138.655 40.4744
138.655 40.0722
138.085 39.6594
137.845 39.4043
137.774 38.9816
137.848 38.4846
137.889 37.8556
137.902 37.184
137.854 36.5997
137.894 36.3109
138.121 36.0267
138.421 35.36
138.674 35.0337
139.234 35.0141
139.429 34.8599
139.923 34.7126
140.44 34.631
140.87 34.5295
141.104 34.4389
141.883 34.2127
> PS Philippine 255/0/0
132.824 30.7544
131.76 29.3921
131.628 28.9874
131.309 28.4508
130.649 28.1358
130.523 27.7094
130.211 27.2135
129.36 26.1908
126.901 24.1011
125.954 23.4977
125.55 23.3799
123.01 23.4686
122.501 23.6429
121.779 24.2554
121.575 24.6914
121.335 24.963
120.981 24.6536
120.546 23.9788
120.36 23.1983
120.452 21.6321
120.29 20.6307
120.502 20.255
120.441 19.937
119.795 18.8781
119.279 18.2014
119.161 17.629
119.255 16.5557
124.891 14.7042
125.686 12.8181
126.137 12.2653
126.24 11.6304
126.214 11.0599
126.573 10.2964
127.219 8.1365
127.25 6.4468
127.459 5.8965
127.498 5.474
127.836 5.224
128.151 4.7632
129.217 2.6706
129.197 1.0593
131.102 0.2656
132.515 0.0171
132.72 1.1646
132.85 2.9083
132.74 3.6983
132.79 4.1199
133.032 4.7875
133.189 5.0162
133.308 5.7343
133.429 5.9622
133.989 6.3326
134.269 6.6102
134.521 6.9902
135.415 6.8951
136.183 6.989
137.529 7.8712
137.982 8.5336
138.309 9.1962
138.574 9.9526
138.813 11.1214
139.483 10.9006
140.1 10.9459
140.772 10.8578
141.608 11.0581
142.122 11.2852
142.961 11.4031
143.097 11.5689
143.143 12.265
143.662 13.0577
143.903 13.6235
144.082 14.6394
144.216 14.6557
144.334 14.8845
144.53 14.9167
144.453 15.5256
144.799 15.6531
144.841 16.478
144.798 16.9793
144.671 17.4201
144.97 17.5346
144.706 18.0198
144.543 19.0727
144.252 19.7253
144.137 19.7533
143.842 20.4178
143.575 20.3968
143.493 20.5325
143.281 20.9619
143.321 21.0606
143.15 21.9278
142.257 23.0091
143.522 24.3908
143.096 24.9092
143.075 25.6124
143.231 26.3289
143.243 27.4633
143.002 28.5187
142.507 29.6208
142.473 30.1282
142.224 30.711
141.994 32.5576
142.012 33.2525
141.858 33.7039
141.883 34.2127
140.87 34.5295
139.923 34.7126
139.429 34.8599
139.234 35.0141
138.674 35.0337
138.383 34.059
138.066 33.7495
137.03 33.0526
134.691 32.1997
134.042 31.8821
133.5 31.5152
132.824 30.7544
> SA South_Am 0/255/0
-0.7 -54.8
-1.0 -54.6
-1.5 -54.0
-2.4 -54.3
-3.0 -53.5
-4.8 -52.2
-7.0 -50.1
-8.0 -49.3
-9.8 -48.2
-10.7 -46.9
-13.3 -47.4
-13.8 -46.2
-15.2 -45.2
-16.0 -44.1
-16.5 -41.7
-16.8 -40.3
-15.9 -40.1
-16.0 -39.1
-17.5 -37.3
-17.8 -35.5
-15.3 -35.3
-15.2 -34.3
-14.6 -33.9
-14.5 -33.0
-14.5 -32.5
-13.3 -32.3
-13.4 -31.7
-13.4 -31.1
-13.7 -29.2
-12.9 -29.0
-13.2 -27.3
-13.8 -26.9
-13.7 -25.1
-13.4 -24.7
-13.5 -23.1
-12.5 -22.6
-11.6 -21.1
-12.0 -19.2
-13.0 -17.8
-14.1 -17.9
-14.0 -17.0
-14.3 -16.2
-13.2 -16.1
-13.5 -15.0
-13.6 -14.0
-14.3 -14.1
-14.5 -13.5
-14.9 -11.9
-12.9 -11.5
-13.0 -10.5
-13.5 -8.0
-13.4 -7.2
-11.5 -6.8
-12.8 -0.9
-15.8 -1.4
-16.3 0.1
-24.6 -1.2
-25.0 0.5
-26.2 0.6
-26.5 0.9
-30.4 0.9
-31.4 3.9
-32.6 4.0
-32.6 5.2
-34.0 7.2
-37.4 7.6
-37.8 8.1
-39.2 8.1
-39.4 8.7
-40.2 8.8
-40.7 9.5
-40.9 10.7
-43.7 10.8
-43.7 12.1
-44.1 12.1
-44.1 12.6
-44.8 12.6
-44.8 13.5
-45.0 13.7
-45.0 15.3
-46.7 15.4
-46.6 16.8
-46.4 18.5
-46.1 19.0
-45.8 19.8
-45.7 20.3
-45.7 20.3
-61.0 18.0
-60.3 17.4
-59.8 16.9
-59.4 16.3
-59.3 15.6
-59.3 14.9
-59.4 14.5
-59.6 14.1
-59.7 13.6
-59.9 13.1
-61.7 10.4
-62.6 10.4
-64.0 10.4
-65.2 10.4
-66.6 10.5
-68.1 10.4
-69.3 10.3
-70.1 9.9
-70.7 9.2
-71.4 8.4
-72.0 7.7
-72.7 7.0
-73.5 6.2
-74.4 5.5
-75.4 4.9
-76.4 4.3
-77.5 3.8
-78.1 3.6
-78.3 2.6
-78.8 2.2
-79.1 1.9
-79.8 1.0
-80.3 0.3
-80.9 -1.2
-81.0 -2.5
-81.3 -4.1
-81.3 -5.4
-81.3 -6.5
-81.0 -7.8
-80.6 -9.4
-80.1 -10.5
-79.5 -11.7
-78.7 -12.8
-77.9 -13.9
-76.8 -15.1
-75.8 -15.9
-75.0 -16.6
-74.0 -17.4
-73.1 -18.1
-72.2 -19.5
-71.6 -20.4
-71.2 -21.2
-70.8 -22.2
-70.6 -23.4
-70.8 -24.9
-71.2 -26.6
-71.6 -28.5
-72.1 -30.2
-72.6 -32.0
-72.7 -33.7
-73.1 -35.1
-73.5 -36.4
-74.3 -37.6
-75.1 -38.9
-75.6 -40.5
-75.7 -41.8
-75.9 -43.0
-76.2 -43.9
-76.2 -44.8
-76.2 -45.3
-76.2 -45.8
-76.0 -46.9
-75.9 -47.7
-75.7 -48.8
-75.4 -49.6
-75.4 -50.7
-75.3 -51.9
-75.2 -53.0
-74.3 -53.6
-73.1 -54.4
-72.0 -54.9
-70.8 -55.4
-69.0 -55.6
-66.9 -55.6
-65.7 -55.5
-64.8 -55.6
-63.4 -55.7
-62.3 -55.8
-60.1 -56.0
-60.0 -56.0
-57.5 -55.9
-55.0 -55.7
-52.5 -55.6
-50.0 -55.5
-48.2 -55.4
-46.5 -55.2
-44.7 -55.1
-43.0 -55.0
-42.2 -55.0
-41.5 -54.9
-40.7 -54.8
-40.0 -54.8
-37.5 -54.8
-35.0 -54.8
-32.5 -54.8
-30.0 -54.8
-29.3 -54.8
-28.5 -54.9
-27.0 -55.0
-26.5 -55.2
-26.0 -55.4
-25.5 -55.5
-25.0 -55.7
-24.8 -55.8
-24.5 -55.9
-24.2 -56.0
-24.0 -56.1
-23.7 -56.6
-23.4 -57.0
-23.1 -57.5
-22.8 -58.0
-23.1 -58.4
-23.4 -58.8
-23.7 -59.2
-24.0 -59.6
-24.9 -60.7
-25.6 -60.7
-24.9 -60.8
-24.4 -60.9
-23.9 -61.0
-23.3 -61.0
-22.6 -61.0
-21.9 -61.0
-21.2 -61.0
-20.5 -60.9
-19.9 -60.9
-19.4 -60.8
-19.3 -60.5
-19.0 -60.5
-18.9 -60.2
-18.5 -60.2
-18.5 -59.6
-18.0 -59.6
-18.0 -59.1
-16.2 -59.0
-16.2 -58.3
-7.0 -57.8
-4.7 -55.8
-1.6 -55.6
-1.6 -55.3
-1.4 -55.1
-1.1 -54.8
-0.7 -54.8
> SO Somalia 255/0/255
32.1258 -46.9998
33.1739 -47.2644
33.8184 -45.9791
34.5037 -46.2216
35.1819 -44.8555
36.3029 -44.9665
37.0855 -44.8043
37.5083 -44.8753
38.0827 -44.6188
38.3383 -44.0547
39.0729 -44.1648
39.4588 -43.2862
41.5578 -43.5794
41.812 -42.6553
42.4686 -42.7299
42.8729 -40.8505
44.0092 -40.915
44.023 -40.6708
44.6858 -40.6911
44.716 -40.3689
45.3027 -40.3659
45.3318 -40.1085
46.0744 -40.119
46.2444 -38.8699
48.0234 -38.6507
48.0171 -38.478
48.6326 -38.0142
49.0344 -37.9999
49.0366 -37.7917
49.9451 -37.7902
49.9622 -37.5968
50.8233 -37.5799
50.827 -37.4507
52.2827 -37.4322
52.338 -36.1624
53.4665 -36.1409
53.4706 -35.5167
54.2161 -35.3024
54.2551 -34.5416
55.2747 -34.5605
55.301 -34.2872
55.6987 -34.235
55.7379 -33.6528
57.0607 -33.5542
57.153 -31.7706
58.4563 -31.691
58.5299 -31.0553
59.1667 -31.0497
59.188 -30.5671
60.7628 -30.5315
60.8102 -28.9313
61.5322 -28.9199
61.5176 -28.7772
62.1619 -28.8114
62.1351 -28.4896
62.7462 -28.4585
62.703 -28.1525
63.1942 -28.0214
63.6211 -28.0388
63.6037 -27.8313
65.3321 -27.8122
65.3475 -27.5141
66.359 -27.5145
66.373 -27.2811
67.129 -27.2692
67.1555 -26.8674
67.424 -26.8699
67.4333 -26.5715
67.9622 -26.583
67.9791 -26.2906
68.6219 -26.2625
68.5979 -26.1206
68.8294 -26.0089
69.15 -25.9933
69.1379 -25.7843
69.4603 -25.7822
69.9595 -25.6512
70.0896 -25.4825
69.5921 -24.9701
69.9393 -24.6785
69.4016 -24.0396
69.8497 -23.7087
68.7967 -22.387
69.2017 -22.0877
68.2768 -20.8777
68.5592 -20.7119
68.2125 -20.2907
67.8967 -20.469
67.7679 -20.28
67.3095 -20.0725
67.0404 -20.2181
66.7513 -19.8703
66.428 -20.0783
65.0073 -18.0579
67.4105 -16.6587
67.033 -16.1389
67.3827 -15.9419
65.9278 -13.9791
66.2097 -13.7773
65.8205 -13.2681
66.3692 -12.8327
65.6978 -12.0185
66.4182 -11.559
66.1674 -11.21
66.7874 -10.762
66.46 -10.3502
67.378 -9.63
67.0896 -9.2703
68.039 -8.4919
67.6424 -8.0271
68.0731 -7.6477
67.8113 -7.2525
68.2738 -6.8109
67.7823 -6.2593
68.6069 -5.4719
68.1985 -5.0419
68.751 -4.5488
68.3485 -4.1176
68.6672 -3.7707
67.8921 -2.888
68.249 -2.5402
67.7884 -2.0876
67.9291 -1.913
67.3671 -1.44
67.662 -1.0396
67.0231 -0.5779
67.2089 -0.3398
66.8392 -0.0388
67.1594 0.3371
66.6573 0.722
66.8698 1.068
66.4925 1.3314
66.6728 1.6209
65.9923 2.052
66.3795 2.752
65.489 3.2991
65.2128 2.9208
64.6822 3.299
64.6181 3.217
63.8898 3.6022
63.8192 3.4821
63.3307 3.6307
62.8678 3.8929
63.0023 4.1081
61.5293 5.2616
61.6573 5.4897
60.0383 6.7669
60.1789 6.9508
59.2197 7.6731
59.3092 7.7682
58.9183 8.1669
58.2514 8.6469
58.4302 8.8626
58.1476 9.0898
58.2625 9.2926
58.063 9.5324
57.4906 9.9416
57.2606 9.6814
56.9775 9.8572
56.9192 9.9708
58.2392 12.7455
57.6392 13.1377
57.8096 13.4509
56.9688 13.9372
57.0372 14.0681
56.7616 14.2076
56.8188 14.3021
56.2079 14.6433
55.1084 14.8505
54.5489 14.8698
54.4505 14.621
54.0687 14.7722
53.8625 14.3509
52.737 14.6813
52.6672 14.5615
52.1389 14.6887
51.2532 13.1223
50.6615 13.3618
50.573 13.2181
50.3102 13.3125
50.1673 13.1225
49.68 13.3128
49.2784 12.8019
48.882 12.9084
48.6992 12.6576
48.4479 12.7289
48.3487 12.5726
48.0479 12.671
47.9014 12.4611
47.6494 12.5185
47.5389 12.3687
47.1613 12.463
46.9923 12.403
46.8487 12.2108
46.5789 12.2921
46.429 12.0875
46.1097 12.0581
45.6372 12.1586
45.5218 11.9829
43.6495 12.0127
42.0332 11.5772
41.4423 11.3169
40.7921 10.1462
38.115 6.9984
37.5829 5.9557
36.9136 5.9584
36.2897 5.0087
32.2271 5.7171
31.2793 4.4771
30.4713 4.2353
30.4783 2.8121
31.6199 2.4834
30.6247 1.4366
29.8673 0.0604
29.392 -1.3131
28.8677 -2.3055
28.9529 -3.9623
29.6085 -5.1514
29.5996 -6.0989
30.4927 -7.483
31.5917 -7.7779
32.6426 -8.5458
33.5557 -8.7406
34.0806 -10.4552
34.7091 -11.0274
34.1717 -12.4064
34.0714 -13.1674
34.8525 -14.5491
34.6043 -15.8337
35.1989 -16.8333
35.2001 -17.9755
34.5989 -18.3559
33.2818 -19.6806
33.1098 -21.3438
29.2895 -22.4908
27.489 -24.4042
27.9054 -26.1765
26.5964 -26.768
26.594 -28.1868
27.7693 -29.0596
28.9215 -30.6352
37.5615 -36.9837
32.1258 -46.9998
> SU Sunda 255/255/0
104.576 -8.1666
104.981 -8.5688
106.827 -9.6652
107.836 -10.0528
108.363 -10.1777
109.067 -10.3276
111.015 -10.4773
114.41 -11.0882
115.571 -11.2189
116.853 -11.331
118.75 -11.3621
120.451 -11.5238
120.886 -11.4925
121.033 -10.165
120.61 -9.007
120.546 -6.9676
120.62 -6.1222
120.516 -5.2755
120.341 -4.6397
119.565 -3.966
118.823 -3.6096
118.578 -3.2552
118.723 -2.4082
119.475 -0.081
119.249 0.7137
119.306 1.5771
119.696 2.0334
120.189 2.2075
120.824 2.3109
122.48 2.3771
123.219 2.0239
123.43 2.006
123.535 1.3542
123.746 0.8428
124.01 0.437
124.416 0.0133
125.263 -0.4456
125.969 0.19
126.144 1.0014
126.426 1.7065
126.872 2.3456
128.081 2.2903
128.187 1.9737
128.752 1.623
129.197 1.0593
129.217 2.6706
128.151 4.7632
127.836 5.224
127.498 5.474
127.459 5.8965
127.25 6.4468
127.219 8.1365
126.573 10.2964
126.214 11.0599
126.24 11.6304
126.137 12.2653
125.686 12.8181
124.891 14.7042
119.255 16.5557
119.161 17.629
119.279 18.2014
119.795 18.8781
120.115 19.4868
120.441 19.937
120.502 20.255
120.29 20.6307
120.452 21.6321
119.618 22.2686
118.958 22.0031
118.484 22.1067
118.045 21.4983
117.864 20.7199
117.145 19.9395
115.494 19.6873
114.926 19.3405
114.0 18.4377
112.628 18.1207
110.512 17.7831
102.615 17.6327
101.451 17.0663
100.832 16.0838
99.766 14.8381
99.2098 14.4458
96.4803 14.4
96.5031 14.1292
95.8571 13.7825
94.8068 11.1876
94.0238 10.17
94.4146 9.2702
93.986 9.0195
94.7747 7.8472
94.4599 7.6027
94.8826 7.1393
94.4975 6.8369
95.435 5.7152
96.0135 5.1136
96.5669 4.6445
96.6014 3.7722
96.7828 2.1854
96.7427 1.7628
96.2019 1.345
96.6703 0.7587
97.7695 -1.2471
98.3013 -2.0213
99.3699 -3.3115
100.791 -5.3049
101.346 -5.983
102.452 -7.1972
103.183 -7.6214
104.576 -8.1666
